"var","forecast_year","target_year","quantile_level","value"
"cpi",1989,1989,0.01,3.87929205205515
"cpi",1989,1989,0.02,4.24601170570297
"cpi",1989,1989,0.03,4.47868356853417
"cpi",1989,1989,0.04,4.65371354763578
"cpi",1989,1989,0.05,4.79608693318831
"cpi",1989,1989,0.06,4.91726904574134
"cpi",1989,1989,0.07,5.02352205213099
"cpi",1989,1989,0.08,5.11865894641316
"cpi",1989,1989,0.09,5.20518214544057
"cpi",1989,1989,0.1,5.28482689192676
"cpi",1989,1989,0.11,5.3588483725181
"cpi",1989,1989,0.12,5.42818545915088
"cpi",1989,1989,0.13,5.49355982628453
"cpi",1989,1989,0.14,5.55553889623071
"cpi",1989,1989,0.15,5.61457742178943
"cpi",1989,1989,0.16,5.67104587982637
"cpi",1989,1989,0.17,5.72525041221594
"cpi",1989,1989,0.18,5.77744717409498
"cpi",1989,1989,0.19,5.82785287829612
"cpi",1989,1989,0.2,5.87665268961976
"cpi",1989,1989,0.21,5.92400623314138
"cpi",1989,1989,0.22,5.97005223488449
"cpi",1989,1989,0.23,6.01491215390824
"cpi",1989,1989,0.24,6.05869305926257
"cpi",1989,1989,0.25,6.10148993379385
"cpi",1989,1989,0.26,6.14338753749885
"cpi",1989,1989,0.27,6.18446192855699
"cpi",1989,1989,0.28,6.22478171554729
"cpi",1989,1989,0.29,6.26440909656713
"cpi",1989,1989,0.3,6.30340072794935
"cpi",1989,1989,0.31,6.34180845562993
"cpi",1989,1989,0.32,6.37967993499482
"cpi",1989,1989,0.33,6.41705915956906
"cpi",1989,1989,0.34,6.4539869147361
"cpi",1989,1989,0.35,6.49050116945801
"cpi",1989,1989,0.36,6.5266374164676
"cpi",1989,1989,0.37,6.56242896944675
"cpi",1989,1989,0.38,6.59790722416335
"cpi",1989,1989,0.39,6.6331018893157
"cpi",1989,1989,0.4,6.66804119185767
"cpi",1989,1989,0.41,6.70275206079556
"cpi",1989,1989,0.42,6.73726029281835
"cpi",1989,1989,0.43,6.77159070261434
"cpi",1989,1989,0.44,6.80576726031614
"cpi",1989,1989,0.45,6.83981321818328
"cpi",1989,1989,0.46,6.87375122836273
"cpi",1989,1989,0.47,6.90760345335199
"cpi",1989,1989,0.48,6.94139167061738
"cpi",1989,1989,0.49,6.97513737268602
"cpi",1989,1989,0.5,7.00886186392764
"cpi",1989,1989,0.51,7.04258635516927
"cpi",1989,1989,0.52,7.07633205723791
"cpi",1989,1989,0.53,7.1101202745033
"cpi",1989,1989,0.54,7.14397249949255
"cpi",1989,1989,0.55,7.177910509672
"cpi",1989,1989,0.56,7.21195646753914
"cpi",1989,1989,0.57,7.24613302524095
"cpi",1989,1989,0.58,7.28046343503693
"cpi",1989,1989,0.59,7.31497166705972
"cpi",1989,1989,0.6,7.34968253599761
"cpi",1989,1989,0.61,7.38462183853958
"cpi",1989,1989,0.62,7.41981650369194
"cpi",1989,1989,0.63,7.45529475840853
"cpi",1989,1989,0.64,7.49108631138768
"cpi",1989,1989,0.65,7.52722255839727
"cpi",1989,1989,0.66,7.56373681311919
"cpi",1989,1989,0.67,7.60066456828623
"cpi",1989,1989,0.68,7.63804379286046
"cpi",1989,1989,0.69,7.67591527222535
"cpi",1989,1989,0.7,7.71432299990594
"cpi",1989,1989,0.71,7.75331463128816
"cpi",1989,1989,0.72,7.79294201230799
"cpi",1989,1989,0.73,7.83326179929829
"cpi",1989,1989,0.74,7.87433619035643
"cpi",1989,1989,0.75,7.91623379406143
"cpi",1989,1989,0.76,7.95903066859271
"cpi",1989,1989,0.77,8.00281157394705
"cpi",1989,1989,0.78,8.0476714929708
"cpi",1989,1989,0.79,8.0937174947139
"cpi",1989,1989,0.8,8.14107103823552
"cpi",1989,1989,0.81,8.18987084955917
"cpi",1989,1989,0.82,8.24027655376031
"cpi",1989,1989,0.83,8.29247331563935
"cpi",1989,1989,0.84,8.34667784802892
"cpi",1989,1989,0.85,8.40314630606585
"cpi",1989,1989,0.86,8.46218483162457
"cpi",1989,1989,0.87,8.52416390157075
"cpi",1989,1989,0.88,8.5895382687044
"cpi",1989,1989,0.89,8.65887535533718
"cpi",1989,1989,0.9,8.73289683592852
"cpi",1989,1989,0.91,8.81254158241471
"cpi",1989,1989,0.92,8.89906478144212
"cpi",1989,1989,0.93,8.9942016757243
"cpi",1989,1989,0.94,9.10045468211394
"cpi",1989,1989,0.95,9.22163679466697
"cpi",1989,1989,0.96,9.36401018021951
"cpi",1989,1989,0.97,9.53904015932112
"cpi",1989,1989,0.98,9.77171202215231
"cpi",1989,1989,0.99,10.1384316758001
"cpi",1989,1990,0.01,-1.48723877919313
"cpi",1989,1990,0.02,-0.323460173174819
"cpi",1989,1990,0.03,0.414920040407667
"cpi",1989,1990,0.04,0.970374712836843
"cpi",1989,1990,0.05,1.42219423907243
"cpi",1989,1990,0.06,1.80676361957462
"cpi",1989,1990,0.07,2.14395573467229
"cpi",1989,1990,0.08,2.44587105638274
"cpi",1989,1990,0.09,2.72045096217928
"cpi",1989,1990,0.1,2.97320221540607
"cpi",1989,1990,0.11,3.20810812961358
"cpi",1989,1990,0.12,3.42814819898048
"cpi",1989,1990,0.13,3.63561264517346
"cpi",1989,1990,0.14,3.83230217328244
"cpi",1989,1990,0.15,4.0196599336115
"cpi",1989,1990,0.16,4.19886162821535
"cpi",1989,1990,0.17,4.37087879314426
"cpi",1989,1990,0.18,4.53652433238388
"cpi",1989,1990,0.19,4.6964859804359
"cpi",1989,1990,0.2,4.85135135465642
"cpi",1989,1990,0.21,5.00162702251725
"cpi",1989,1990,0.22,5.147753228703
"cpi",1989,1990,0.23,5.29011542147954
"cpi",1989,1990,0.24,5.42905338266233
"cpi",1989,1990,0.25,5.56486853870462
"cpi",1989,1990,0.26,5.69782987401974
"cpi",1989,1990,0.27,5.82817875795111
"cpi",1989,1990,0.28,5.95613291866154
"cpi",1989,1990,0.29,6.08188974075897
"cpi",1989,1990,0.3,6.20562902215555
"cpi",1989,1990,0.31,6.32751529505044
"cpi",1989,1990,0.32,6.44769979300334
"cpi",1989,1990,0.33,6.56632212872039
"cpi",1989,1990,0.34,6.68351173392478
"cpi",1989,1990,0.35,6.79938910247423
"cpi",1989,1990,0.36,6.91406686995473
"cpi",1989,1990,0.37,7.02765075677117
"cpi",1989,1990,0.38,7.14024039686091
"cpi",1989,1990,0.39,7.25193007027456
"cpi",1989,1990,0.4,7.3628093547718
"cpi",1989,1990,0.41,7.47296370909778
"cpi",1989,1990,0.42,7.5824749986078
"cpi",1989,1990,0.43,7.69142197229462
"cpi",1989,1990,0.44,7.7998806989679
"cpi",1989,1990,0.45,7.90792496927916
"cpi",1989,1990,0.46,8.01562666943295
"cpi",1989,1990,0.47,8.12305613173945
"cpi",1989,1990,0.48,8.23028246661903
"cpi",1989,1990,0.49,8.33737388024221
"cpi",1989,1990,0.5,8.44439798166533
"cpi",1989,1990,0.51,8.55142208308845
"cpi",1989,1990,0.52,8.65851349671163
"cpi",1989,1990,0.53,8.76573983159121
"cpi",1989,1990,0.54,8.87316929389771
"cpi",1989,1990,0.55,8.98087099405149
"cpi",1989,1990,0.56,9.08891526436276
"cpi",1989,1990,0.57,9.19737399103604
"cpi",1989,1990,0.58,9.30632096472286
"cpi",1989,1990,0.59,9.41583225423287
"cpi",1989,1990,0.6,9.52598660855886
"cpi",1989,1990,0.61,9.63686589305609
"cpi",1989,1990,0.62,9.74855556646974
"cpi",1989,1990,0.63,9.86114520655949
"cpi",1989,1990,0.64,9.97472909337593
"cpi",1989,1990,0.65,10.0894068608564
"cpi",1989,1990,0.66,10.2052842294059
"cpi",1989,1990,0.67,10.3224738346103
"cpi",1989,1990,0.68,10.4410961703273
"cpi",1989,1990,0.69,10.5612806682802
"cpi",1989,1990,0.7,10.6831669411751
"cpi",1989,1990,0.71,10.8069062225717
"cpi",1989,1990,0.72,10.9326630446691
"cpi",1989,1990,0.73,11.0606172053796
"cpi",1989,1990,0.74,11.1909660893109
"cpi",1989,1990,0.75,11.323927424626
"cpi",1989,1990,0.76,11.4597425806683
"cpi",1989,1990,0.77,11.5986805418511
"cpi",1989,1990,0.78,11.7410427346277
"cpi",1989,1990,0.79,11.8871689408134
"cpi",1989,1990,0.8,12.0374446086742
"cpi",1989,1990,0.81,12.1923099828948
"cpi",1989,1990,0.82,12.3522716309468
"cpi",1989,1990,0.83,12.5179171701864
"cpi",1989,1990,0.84,12.6899343351153
"cpi",1989,1990,0.85,12.8691360297192
"cpi",1989,1990,0.86,13.0564937900482
"cpi",1989,1990,0.87,13.2531833181572
"cpi",1989,1990,0.88,13.4606477643502
"cpi",1989,1990,0.89,13.6806878337171
"cpi",1989,1990,0.9,13.9155937479246
"cpi",1989,1990,0.91,14.1683450011514
"cpi",1989,1990,0.92,14.4429249069479
"cpi",1989,1990,0.93,14.7448402286584
"cpi",1989,1990,0.94,15.082032343756
"cpi",1989,1990,0.95,15.4666017242582
"cpi",1989,1990,0.96,15.9184212504938
"cpi",1989,1990,0.97,16.473875922923
"cpi",1989,1990,0.98,17.2122561365055
"cpi",1989,1990,0.99,18.3760347425238
"gdp",1989,1989,0.01,1.03007462448308
"gdp",1989,1989,0.02,1.34925299827563
"gdp",1989,1989,0.03,1.55176144326087
"gdp",1989,1989,0.04,1.70410065807766
"gdp",1989,1989,0.05,1.82801685733226
"gdp",1989,1989,0.06,1.93348900542325
"gdp",1989,1989,0.07,2.02596744625038
"gdp",1989,1989,0.08,2.10877085998239
"gdp",1989,1989,0.09,2.18407725189837
"gdp",1989,1989,0.1,2.25339690905805
"gdp",1989,1989,0.11,2.31782229658732
"gdp",1989,1989,0.12,2.37817057172018
"gdp",1989,1989,0.13,2.435069851543
"gdp",1989,1989,0.14,2.48901399813514
"gdp",1989,1989,0.15,2.54039881046112
"gdp",1989,1989,0.16,2.58954673702442
"gdp",1989,1989,0.17,2.63672423168061
"gdp",1989,1989,0.18,2.68215424179342
"gdp",1989,1989,0.19,2.72602538569518
"gdp",1989,1989,0.2,2.76849882355085
"gdp",1989,1989,0.21,2.80971348675257
"gdp",1989,1989,0.22,2.84979011697902
"gdp",1989,1989,0.23,2.88883442742172
"gdp",1989,1989,0.24,2.92693960677374
"gdp",1989,1989,0.25,2.96418832437156
"gdp",1989,1989,0.26,3.00065435198515
"gdp",1989,1989,0.27,3.03640388766465
"gdp",1989,1989,0.28,3.0714966456208
"gdp",1989,1989,0.29,3.10598676063306
"gdp",1989,1989,0.3,3.13992354414684
"gdp",1989,1989,0.31,3.17335212082719
"gdp",1989,1989,0.32,3.20631396804908
"gdp",1989,1989,0.33,3.23884737604768
"gdp",1989,1989,0.34,3.27098784281782
"gdp",1989,1989,0.35,3.30276841505184
"gdp",1989,1989,0.36,3.33421998422943
"gdp",1989,1989,0.37,3.36537154527002
"gdp",1989,1989,0.38,3.39625042381607
"gdp",1989,1989,0.39,3.42688247715099
"gdp",1989,1989,0.4,3.45729227290603
"gdp",1989,1989,0.41,3.48750324902994
"gdp",1989,1989,0.42,3.51753785794694
"gdp",1989,1989,0.43,3.54741769738647
"gdp",1989,1989,0.44,3.57716363000988
"gdp",1989,1989,0.45,3.60679589367001
"gdp",1989,1989,0.46,3.63633420390531
"gdp",1989,1989,0.47,3.66579785008258
"gdp",1989,1989,0.48,3.69520578645261
"gdp",1989,1989,0.49,3.72457671926632
"gdp",1989,1989,0.5,3.75392919100982
"gdp",1989,1989,0.51,3.78328166275332
"gdp",1989,1989,0.52,3.81265259556702
"gdp",1989,1989,0.53,3.84206053193706
"gdp",1989,1989,0.54,3.87152417811433
"gdp",1989,1989,0.55,3.90106248834963
"gdp",1989,1989,0.56,3.93069475200976
"gdp",1989,1989,0.57,3.96044068463317
"gdp",1989,1989,0.58,3.9903205240727
"gdp",1989,1989,0.59,4.0203551329897
"gdp",1989,1989,0.6,4.05056610911361
"gdp",1989,1989,0.61,4.08097590486865
"gdp",1989,1989,0.62,4.11160795820357
"gdp",1989,1989,0.63,4.14248683674962
"gdp",1989,1989,0.64,4.17363839779021
"gdp",1989,1989,0.65,4.2050899669678
"gdp",1989,1989,0.66,4.23687053920182
"gdp",1989,1989,0.67,4.26901100597196
"gdp",1989,1989,0.68,4.30154441397056
"gdp",1989,1989,0.69,4.33450626119245
"gdp",1989,1989,0.7,4.3679348378728
"gdp",1989,1989,0.71,4.40187162138658
"gdp",1989,1989,0.72,4.43636173639884
"gdp",1989,1989,0.73,4.47145449435499
"gdp",1989,1989,0.74,4.50720403003449
"gdp",1989,1989,0.75,4.54367005764807
"gdp",1989,1989,0.76,4.58091877524589
"gdp",1989,1989,0.77,4.61902395459792
"gdp",1989,1989,0.78,4.65806826504062
"gdp",1989,1989,0.79,4.69814489526707
"gdp",1989,1989,0.8,4.73935955846878
"gdp",1989,1989,0.81,4.78183299632446
"gdp",1989,1989,0.82,4.82570414022622
"gdp",1989,1989,0.83,4.87113415033903
"gdp",1989,1989,0.84,4.91831164499522
"gdp",1989,1989,0.85,4.96745957155852
"gdp",1989,1989,0.86,5.0188443838845
"gdp",1989,1989,0.87,5.07278853047664
"gdp",1989,1989,0.88,5.12968781029946
"gdp",1989,1989,0.89,5.19003608543232
"gdp",1989,1989,0.9,5.25446147296159
"gdp",1989,1989,0.91,5.32378113012127
"gdp",1989,1989,0.92,5.39908752203725
"gdp",1989,1989,0.93,5.48189093576926
"gdp",1989,1989,0.94,5.57436937659639
"gdp",1989,1989,0.95,5.67984152468738
"gdp",1989,1989,0.96,5.80375772394198
"gdp",1989,1989,0.97,5.95609693875877
"gdp",1989,1989,0.98,6.15860538374401
"gdp",1989,1989,0.99,6.47778375753656
"gdp",1989,1990,0.01,-1.33495800667104
"gdp",1989,1990,0.02,-0.716215825883313
"gdp",1989,1990,0.03,-0.32364374968264
"gdp",1989,1990,0.04,-0.0283270686831343
"gdp",1989,1990,0.05,0.211890269511418
"gdp",1989,1990,0.06,0.416352953329101
"gdp",1989,1990,0.07,0.595626728908951
"gdp",1989,1990,0.08,0.756145012715081
"gdp",1989,1990,0.09,0.902129969677219
"gdp",1989,1990,0.1,1.0365093617795
"gdp",1989,1990,0.11,1.16140098367824
"gdp",1989,1990,0.12,1.27838893282655
"gdp",1989,1990,0.13,1.38869084352463
"gdp",1989,1990,0.14,1.49326409047289
"gdp",1989,1990,0.15,1.59287594844485
"gdp",1989,1990,0.16,1.68815149892038
"gdp",1989,1990,0.17,1.77960727513987
"gdp",1989,1990,0.18,1.86767547097785
"gdp",1989,1990,0.19,1.95272173187857
"gdp",1989,1990,0.2,2.03505847434675
"gdp",1989,1990,0.21,2.11495502337309
"gdp",1989,1990,0.22,2.19264544233942
"gdp",1989,1990,0.23,2.26833466120351
"gdp",1989,1990,0.24,2.34220333059809
"gdp",1989,1990,0.25,2.41441170889191
"gdp",1989,1990,0.26,2.48510280610566
"gdp",1989,1990,0.27,2.55440495025048
"gdp",1989,1990,0.28,2.6224339001121
"gdp",1989,1990,0.29,2.68929459848815
"gdp",1989,1990,0.3,2.75508263791807
"gdp",1989,1990,0.31,2.81988549467198
"gdp",1989,1990,0.32,2.88378357457799
"gdp",1989,1990,0.33,2.94685110504481
"gdp",1989,1990,0.34,3.0091569005929
"gdp",1989,1990,0.35,3.0707650237784
"gdp",1989,1990,0.36,3.13173535917709
"gdp",1989,1990,0.37,3.1921241147941
"gdp",1989,1990,0.38,3.25198426266327
"gdp",1989,1990,0.39,3.31136592833581
"gdp",1989,1990,0.4,3.37031673731204
"gdp",1989,1990,0.41,3.42888212514994
"gdp",1989,1990,0.42,3.48710561692226
"gdp",1989,1990,0.43,3.54502908083593
"gdp",1989,1990,0.44,3.60269296013414
"gdp",1989,1990,0.45,3.66013648683957
"gdp",1989,1990,0.46,3.71739788044406
"gdp",1989,1990,0.47,3.7745145342858
"gdp",1989,1990,0.48,3.83152319206501
"gdp",1989,1990,0.49,3.88846011672249
"gdp",1989,1990,0.5,3.94536125373338
"gdp",1989,1990,0.51,4.00226239074426
"gdp",1989,1990,0.52,4.05919931540174
"gdp",1989,1990,0.53,4.11620797318095
"gdp",1989,1990,0.54,4.1733246270227
"gdp",1989,1990,0.55,4.23058602062719
"gdp",1989,1990,0.56,4.28802954733261
"gdp",1989,1990,0.57,4.34569342663082
"gdp",1989,1990,0.58,4.40361689054449
"gdp",1989,1990,0.59,4.46184038231681
"gdp",1989,1990,0.6,4.52040577015472
"gdp",1989,1990,0.61,4.57935657913094
"gdp",1989,1990,0.62,4.63873824480348
"gdp",1989,1990,0.63,4.69859839267265
"gdp",1989,1990,0.64,4.75898714828967
"gdp",1989,1990,0.65,4.81995748368835
"gdp",1989,1990,0.66,4.88156560687385
"gdp",1989,1990,0.67,4.94387140242194
"gdp",1989,1990,0.68,5.00693893288877
"gdp",1989,1990,0.69,5.07083701279477
"gdp",1989,1990,0.7,5.13563986954868
"gdp",1989,1990,0.71,5.2014279089786
"gdp",1989,1990,0.72,5.26828860735466
"gdp",1989,1990,0.73,5.33631755721627
"gdp",1989,1990,0.74,5.40561970136109
"gdp",1989,1990,0.75,5.47631079857484
"gdp",1989,1990,0.76,5.54851917686867
"gdp",1989,1990,0.77,5.62238784626324
"gdp",1989,1990,0.78,5.69807706512733
"gdp",1989,1990,0.79,5.77576748409366
"gdp",1989,1990,0.8,5.85566403312
"gdp",1989,1990,0.81,5.93800077558818
"gdp",1989,1990,0.82,6.0230470364889
"gdp",1989,1990,0.83,6.11111523232689
"gdp",1989,1990,0.84,6.20257100854637
"gdp",1989,1990,0.85,6.2978465590219
"gdp",1989,1990,0.86,6.39745841699386
"gdp",1989,1990,0.87,6.50203166394213
"gdp",1989,1990,0.88,6.61233357464021
"gdp",1989,1990,0.89,6.72932152378851
"gdp",1989,1990,0.9,6.85421314568725
"gdp",1989,1990,0.91,6.98859253778953
"gdp",1989,1990,0.92,7.13457749475167
"gdp",1989,1990,0.93,7.2950957785578
"gdp",1989,1990,0.94,7.47436955413765
"gdp",1989,1990,0.95,7.67883223795533
"gdp",1989,1990,0.96,7.91904957614989
"gdp",1989,1990,0.97,8.21436625714939
"gdp",1989,1990,0.98,8.60693833335006
"gdp",1989,1990,0.99,9.22568051413779
"cpi",1990,1990,0.01,4.22529120215803
"cpi",1990,1990,0.02,4.58786126740505
"cpi",1990,1990,0.03,4.817900349436
"cpi",1990,1990,0.04,4.99094979009674
"cpi",1990,1990,0.05,5.13171216041354
"cpi",1990,1990,0.06,5.25152304597169
"cpi",1990,1990,0.07,5.35657375453388
"cpi",1990,1990,0.08,5.45063413451127
"cpi",1990,1990,0.09,5.53617828684861
"cpi",1990,1990,0.1,5.61492181925228
"cpi",1990,1990,0.11,5.68810571539944
"cpi",1990,1990,0.12,5.75665822349226
"cpi",1990,1990,0.13,5.8212928519376
"cpi",1990,1990,0.14,5.88257060242303
"cpi",1990,1990,0.15,5.94094108202779
"cpi",1990,1990,0.16,5.99677057551469
"cpi",1990,1990,0.17,6.05036176063302
"cpi",1990,1990,0.18,6.10196789401561
"cpi",1990,1990,0.19,6.15180323629748
"cpi",1990,1990,0.2,6.2000508570608
"cpi",1990,1990,0.21,6.24686857515562
"cpi",1990,1990,0.22,6.29239354686165
"cpi",1990,1990,0.23,6.33674585687729
"cpi",1990,1990,0.24,6.38003136272078
"cpi",1990,1990,0.25,6.42234397246729
"cpi",1990,1990,0.26,6.46376748701828
"cpi",1990,1990,0.27,6.50437710392263
"cpi",1990,1990,0.28,6.54424065542417
"cpi",1990,1990,0.29,6.58341963582245
"cpi",1990,1990,0.3,6.62197006035987
"cpi",1990,1990,0.31,6.65994318831366
"cpi",1990,1990,0.32,6.69738613582887
"cpi",1990,1990,0.33,6.73434239862513
"cpi",1990,1990,0.34,6.770852300582
"cpi",1990,1990,0.35,6.80695338102665
"cpi",1990,1990,0.36,6.84268073107653
"cpi",1990,1990,0.37,6.87806728745511
"cpi",1990,1990,0.38,6.91314409067385
"cpi",1990,1990,0.39,6.94794051326453
"cpi",1990,1990,0.4,6.98248446278105
"cpi",1990,1990,0.41,7.0168025635166
"cpi",1990,1990,0.42,7.05092032025968
"cpi",1990,1990,0.43,7.08486226690986
"cpi",1990,1990,0.44,7.11865210236755
"cpi",1990,1990,0.45,7.15231281578309
"cpi",1990,1990,0.46,7.18586680298481
"cpi",1990,1990,0.47,7.21933597569214
"cpi",1990,1990,0.48,7.25274186495015
"cpi",1990,1990,0.49,7.28610572008888
"cpi",1990,1990,0.5,7.31944860441011
"cpi",1990,1990,0.51,7.35279148873133
"cpi",1990,1990,0.52,7.38615534387007
"cpi",1990,1990,0.53,7.41956123312807
"cpi",1990,1990,0.54,7.4530304058354
"cpi",1990,1990,0.55,7.48658439303712
"cpi",1990,1990,0.56,7.52024510645267
"cpi",1990,1990,0.57,7.55403494191036
"cpi",1990,1990,0.58,7.58797688856054
"cpi",1990,1990,0.59,7.62209464530362
"cpi",1990,1990,0.6,7.65641274603917
"cpi",1990,1990,0.61,7.69095669555569
"cpi",1990,1990,0.62,7.72575311814637
"cpi",1990,1990,0.63,7.7608299213651
"cpi",1990,1990,0.64,7.79621647774368
"cpi",1990,1990,0.65,7.83194382779357
"cpi",1990,1990,0.66,7.86804490823822
"cpi",1990,1990,0.67,7.90455481019509
"cpi",1990,1990,0.68,7.94151107299135
"cpi",1990,1990,0.69,7.97895402050656
"cpi",1990,1990,0.7,8.01692714846035
"cpi",1990,1990,0.71,8.05547757299777
"cpi",1990,1990,0.72,8.09465655339604
"cpi",1990,1990,0.73,8.13452010489759
"cpi",1990,1990,0.74,8.17512972180193
"cpi",1990,1990,0.75,8.21655323635293
"cpi",1990,1990,0.76,8.25886584609943
"cpi",1990,1990,0.77,8.30215135194292
"cpi",1990,1990,0.78,8.34650366195857
"cpi",1990,1990,0.79,8.3920286336646
"cpi",1990,1990,0.8,8.43884635175941
"cpi",1990,1990,0.81,8.48709397252273
"cpi",1990,1990,0.82,8.53692931480461
"cpi",1990,1990,0.83,8.5885354481872
"cpi",1990,1990,0.84,8.64212663330553
"cpi",1990,1990,0.85,8.69795612679243
"cpi",1990,1990,0.86,8.75632660639718
"cpi",1990,1990,0.87,8.81760435688262
"cpi",1990,1990,0.88,8.88223898532796
"cpi",1990,1990,0.89,8.95079149342078
"cpi",1990,1990,0.9,9.02397538956793
"cpi",1990,1990,0.91,9.10271892197161
"cpi",1990,1990,0.92,9.18826307430895
"cpi",1990,1990,0.93,9.28232345428633
"cpi",1990,1990,0.94,9.38737416284853
"cpi",1990,1990,0.95,9.50718504840668
"cpi",1990,1990,0.96,9.64794741872348
"cpi",1990,1990,0.97,9.82099685938422
"cpi",1990,1990,0.98,10.0510359414152
"cpi",1990,1990,0.99,10.4136060066622
"cpi",1990,1991,0.01,-1.19829931881422
"cpi",1990,1991,0.02,-0.0487638519395794
"cpi",1990,1991,0.03,0.680579546505903
"cpi",1990,1991,0.04,1.22923617492009
"cpi",1990,1991,0.05,1.67552601677524
"cpi",1990,1991,0.06,2.0553887673664
"cpi",1990,1991,0.07,2.38845408876925
"cpi",1990,1991,0.08,2.68667435893425
"cpi",1990,1991,0.09,2.95789376318515
"cpi",1990,1991,0.1,3.20755166923248
"cpi",1990,1991,0.11,3.43958264004059
"cpi",1990,1991,0.12,3.65692970464785
"cpi",1990,1991,0.13,3.86185505538126
"cpi",1990,1991,0.14,4.05613735903838
"cpi",1990,1991,0.15,4.24120210363728
"cpi",1990,1991,0.16,4.41821060216602
"cpi",1990,1991,0.17,4.58812250033499
"cpi",1990,1991,0.18,4.75174075324049
"cpi",1990,1991,0.19,4.90974467840684
"cpi",1990,1991,0.2,5.06271470151663
"cpi",1990,1991,0.21,5.21115119031352
"cpi",1990,1991,0.22,5.35548900145878
"cpi",1990,1991,0.23,5.49610886583193
"cpi",1990,1991,0.24,5.63334640676019
"cpi",1990,1991,0.25,5.76749936162837
"cpi",1990,1991,0.26,5.89883342282982
"cpi",1990,1991,0.27,6.02758700566056
"cpi",1990,1991,0.28,6.15397517357341
"cpi",1990,1991,0.29,6.27819289544496
"cpi",1990,1991,0.3,6.40041776869436
"cpi",1990,1991,0.31,6.52081231186027
"cpi",1990,1991,0.32,6.63952590759998
"cpi",1990,1991,0.33,6.75669645994137
"cpi",1990,1991,0.34,6.87245181653139
"cpi",1990,1991,0.35,6.98691099653938
"cpi",1990,1991,0.36,7.10018525703799
"cpi",1990,1991,0.37,7.21237902455164
"cpi",1990,1991,0.38,7.32359071362765
"cpi",1990,1991,0.39,7.4339134504512
"cpi",1990,1991,0.4,7.5434357164665
"cpi",1990,1991,0.41,7.65224192451463
"cpi",1990,1991,0.42,7.76041293802522
"cpi",1990,1991,0.43,7.86802654220561
"cpi",1990,1991,0.44,7.97515787488198
"cpi",1990,1991,0.45,8.08187982360411
"cpi",1990,1991,0.46,8.1882633947827
"cpi",1990,1991,0.47,8.2943780599518
"cpi",1990,1991,0.48,8.40029208370995
"cpi",1990,1991,0.49,8.50607283747271
"cpi",1990,1991,0.5,8.61178710284934
"cpi",1990,1991,0.51,8.71750136822597
"cpi",1990,1991,0.52,8.82328212198874
"cpi",1990,1991,0.53,8.92919614574688
"cpi",1990,1991,0.54,9.03531081091598
"cpi",1990,1991,0.55,9.14169438209458
"cpi",1990,1991,0.56,9.24841633081671
"cpi",1990,1991,0.57,9.35554766349308
"cpi",1990,1991,0.58,9.46316126767346
"cpi",1990,1991,0.59,9.57133228118405
"cpi",1990,1991,0.6,9.68013848923218
"cpi",1990,1991,0.61,9.78966075524749
"cpi",1990,1991,0.62,9.89998349207104
"cpi",1990,1991,0.63,10.011195181147
"cpi",1990,1991,0.64,10.1233889486607
"cpi",1990,1991,0.65,10.2366632091593
"cpi",1990,1991,0.66,10.3511223891673
"cpi",1990,1991,0.67,10.4668777457573
"cpi",1990,1991,0.68,10.5840482980987
"cpi",1990,1991,0.69,10.7027618938384
"cpi",1990,1991,0.7,10.8231564370043
"cpi",1990,1991,0.71,10.9453813102537
"cpi",1990,1991,0.72,11.0695990321253
"cpi",1990,1991,0.73,11.1959872000381
"cpi",1990,1991,0.74,11.3247407828689
"cpi",1990,1991,0.75,11.4560748440703
"cpi",1990,1991,0.76,11.5902277989385
"cpi",1990,1991,0.77,11.7274653398668
"cpi",1990,1991,0.78,11.8680852042399
"cpi",1990,1991,0.79,12.0124230153852
"cpi",1990,1991,0.8,12.1608595041821
"cpi",1990,1991,0.81,12.3138295272918
"cpi",1990,1991,0.82,12.4718334524582
"cpi",1990,1991,0.83,12.6354517053637
"cpi",1990,1991,0.84,12.8053636035327
"cpi",1990,1991,0.85,12.9823721020614
"cpi",1990,1991,0.86,13.1674368466603
"cpi",1990,1991,0.87,13.3617191503174
"cpi",1990,1991,0.88,13.5666445010508
"cpi",1990,1991,0.89,13.7839915656581
"cpi",1990,1991,0.9,14.0160225364662
"cpi",1990,1991,0.91,14.2656804425135
"cpi",1990,1991,0.92,14.5368998467644
"cpi",1990,1991,0.93,14.8351201169294
"cpi",1990,1991,0.94,15.1681854383323
"cpi",1990,1991,0.95,15.5480481889235
"cpi",1990,1991,0.96,15.9943380307786
"cpi",1990,1991,0.97,16.5429946591928
"cpi",1990,1991,0.98,17.2723380576383
"cpi",1990,1991,0.99,18.4218735245129
"gdp",1990,1990,0.01,0.482265307817776
"gdp",1990,1990,0.02,0.796809753835448
"gdp",1990,1990,0.03,0.996378120216003
"gdp",1990,1990,0.04,1.14650562842388
"gdp",1990,1990,0.05,1.26862277497117
"gdp",1990,1990,0.06,1.37256364664545
"gdp",1990,1990,0.07,1.46369945761193
"gdp",1990,1990,0.08,1.54530070644101
"gdp",1990,1990,0.09,1.61951377747507
"gdp",1990,1990,0.1,1.68782703097137
"gdp",1990,1990,0.11,1.75131707131802
"gdp",1990,1990,0.12,1.81078919201416
"gdp",1990,1990,0.13,1.86686239095309
"gdp",1990,1990,0.14,1.92002336017574
"gdp",1990,1990,0.15,1.97066215231803
"gdp",1990,1990,0.16,2.01909653447895
"gdp",1990,1990,0.17,2.06558909205673
"gdp",1990,1990,0.18,2.11035953559813
"gdp",1990,1990,0.19,2.15359374501769
"gdp",1990,1990,0.2,2.19545054070855
"gdp",1990,1990,0.21,2.23606683701507
"gdp",1990,1990,0.22,2.27556162265185
"gdp",1990,1990,0.23,2.31403907603446
"gdp",1990,1990,0.24,2.35159103291446
"gdp",1990,1990,0.25,2.38829896240999
"gdp",1990,1990,0.26,2.42423556525025
"gdp",1990,1990,0.27,2.45946607840213
"gdp",1990,1990,0.28,2.4940493491275
"gdp",1990,1990,0.29,2.52803872626076
"gdp",1990,1990,0.3,2.56148280532892
"gdp",1990,1990,0.31,2.59442605586354
"gdp",1990,1990,0.32,2.62690935305856
"gdp",1990,1990,0.33,2.65897043124
"gdp",1990,1990,0.34,2.6906442730321
"gdp",1990,1990,0.35,2.72196344534535
"gdp",1990,1990,0.36,2.75295839116766
"gdp",1990,1990,0.37,2.78365768446147
"gdp",1990,1990,0.38,2.81408825414733
"gdp",1990,1990,0.39,2.84427558210482
"gdp",1990,1990,0.4,2.87424387928494
"gdp",1990,1990,0.41,2.90401624335722
"gdp",1990,1990,0.42,2.93361480077482
"gdp",1990,1990,0.43,2.96306083570483
"gdp",1990,1990,0.44,2.99237490791823
"gdp",1990,1990,0.45,3.0215769614486
"gdp",1990,1990,0.46,3.05068642559826
"gdp",1990,1990,0.47,3.07972230968517
"gdp",1990,1990,0.48,3.10870329277662
"gdp",1990,1990,0.49,3.13764780954051
"gdp",1990,1990,0.5,3.16657413325757
"gdp",1990,1990,0.51,3.19550045697463
"gdp",1990,1990,0.52,3.22444497373852
"gdp",1990,1990,0.53,3.25342595682996
"gdp",1990,1990,0.54,3.28246184091687
"gdp",1990,1990,0.55,3.31157130506653
"gdp",1990,1990,0.56,3.3407733585969
"gdp",1990,1990,0.57,3.3700874308103
"gdp",1990,1990,0.58,3.39953346574031
"gdp",1990,1990,0.59,3.42913202315792
"gdp",1990,1990,0.6,3.45890438723019
"gdp",1990,1990,0.61,3.48887268441031
"gdp",1990,1990,0.62,3.5190600123678
"gdp",1990,1990,0.63,3.54949058205367
"gdp",1990,1990,0.64,3.58018987534747
"gdp",1990,1990,0.65,3.61118482116978
"gdp",1990,1990,0.66,3.64250399348304
"gdp",1990,1990,0.67,3.67417783527513
"gdp",1990,1990,0.68,3.70623891345657
"gdp",1990,1990,0.69,3.73872221065159
"gdp",1990,1990,0.7,3.77166546118621
"gdp",1990,1990,0.71,3.80510954025437
"gdp",1990,1990,0.72,3.83909891738763
"gdp",1990,1990,0.73,3.873682188113
"gdp",1990,1990,0.74,3.90891270126488
"gdp",1990,1990,0.75,3.94484930410514
"gdp",1990,1990,0.76,3.98155723360067
"gdp",1990,1990,0.77,4.01910919048067
"gdp",1990,1990,0.78,4.05758664386328
"gdp",1990,1990,0.79,4.09708142950006
"gdp",1990,1990,0.8,4.13769772580658
"gdp",1990,1990,0.81,4.17955452149744
"gdp",1990,1990,0.82,4.222788730917
"gdp",1990,1990,0.83,4.2675591744584
"gdp",1990,1990,0.84,4.31405173203618
"gdp",1990,1990,0.85,4.3624861141971
"gdp",1990,1990,0.86,4.4131249063394
"gdp",1990,1990,0.87,4.46628587556204
"gdp",1990,1990,0.88,4.52235907450097
"gdp",1990,1990,0.89,4.58183119519711
"gdp",1990,1990,0.9,4.64532123554376
"gdp",1990,1990,0.91,4.71363448904006
"gdp",1990,1990,0.92,4.78784756007412
"gdp",1990,1990,0.93,4.8694488089032
"gdp",1990,1990,0.94,4.96058461986969
"gdp",1990,1990,0.95,5.06452549154396
"gdp",1990,1990,0.96,5.18664263809126
"gdp",1990,1990,0.97,5.33677014629913
"gdp",1990,1990,0.98,5.53633851267968
"gdp",1990,1990,0.99,5.85088295869735
"gdp",1990,1991,0.01,-1.31656788058989
"gdp",1990,1991,0.02,-0.706671787130059
"gdp",1990,1991,0.03,-0.319712269724301
"gdp",1990,1991,0.04,-0.0286176980792607
"gdp",1990,1991,0.05,0.208165279864244
"gdp",1990,1991,0.06,0.409704783700816
"gdp",1990,1991,0.07,0.586415502285971
"gdp",1990,1991,0.08,0.744638874252624
"gdp",1990,1991,0.09,0.888536700713651
"gdp",1990,1991,0.1,1.02099488576957
"gdp",1990,1991,0.11,1.14410094620485
"gdp",1990,1991,0.12,1.25941633180954
"gdp",1990,1991,0.13,1.36814126850332
"gdp",1990,1991,0.14,1.47121944350823
"gdp",1990,1991,0.15,1.56940716195669
"gdp",1990,1991,0.16,1.66332056860901
"gdp",1990,1991,0.17,1.75346881188796
"gdp",1990,1991,0.18,1.84027790664091
"gdp",1990,1991,0.19,1.9241082707203
"gdp",1990,1991,0.2,2.00526785404727
"gdp",1990,1991,0.21,2.08402213110342
"gdp",1990,1991,0.22,2.16060181889276
"gdp",1990,1991,0.23,2.23520891751253
"gdp",1990,1991,0.24,2.30802149485366
"gdp",1990,1991,0.25,2.37919751808906
"gdp",1990,1991,0.26,2.44887795264125
"gdp",1990,1991,0.27,2.51718929183022
"gdp",1990,1991,0.28,2.58424563945138
"gdp",1990,1991,0.29,2.65015043794699
"gdp",1990,1991,0.3,2.71499791318071
"gdp",1990,1991,0.31,2.77887429078427
"gdp",1990,1991,0.32,2.8418588270327
"gdp",1990,1991,0.33,2.90402468811381
"gdp",1990,1991,0.34,2.9654397047146
"gdp",1990,1991,0.35,3.02616702349606
"gdp",1990,1991,0.36,3.08626567287091
"gdp",1990,1991,0.37,3.14579105724478
"gdp",1990,1991,0.38,3.2047953913163
"gdp",1990,1991,0.39,3.26332808399729
"gdp",1990,1991,0.4,3.32143607989168
"gdp",1990,1991,0.41,3.37916416497039
"gdp",1990,1991,0.42,3.43655524203308
"gdp",1990,1991,0.43,3.49365058070166
"gdp",1990,1991,0.44,3.55049004600681
"gdp",1990,1991,0.45,3.6071123090754
"gdp",1990,1991,0.46,3.6635550429795
"gdp",1990,1991,0.47,3.71985510644895
"gdp",1990,1991,0.48,3.77604871786342
"gdp",1990,1991,0.49,3.83217162171653
"gdp",1990,1991,0.5,3.888259249575
"gdp",1990,1991,0.51,3.94434687743348
"gdp",1990,1991,0.52,4.00046978128659
"gdp",1990,1991,0.53,4.05666339270106
"gdp",1990,1991,0.54,4.11296345617051
"gdp",1990,1991,0.55,4.16940619007461
"gdp",1990,1991,0.56,4.2260284531432
"gdp",1990,1991,0.57,4.28286791844835
"gdp",1990,1991,0.58,4.33996325711693
"gdp",1990,1991,0.59,4.39735433417962
"gdp",1990,1991,0.6,4.45508241925833
"gdp",1990,1991,0.61,4.51319041515271
"gdp",1990,1991,0.62,4.57172310783371
"gdp",1990,1991,0.63,4.63072744190522
"gdp",1990,1991,0.64,4.6902528262791
"gdp",1990,1991,0.65,4.75035147565395
"gdp",1990,1991,0.66,4.81107879443541
"gdp",1990,1991,0.67,4.8724938110362
"gdp",1990,1991,0.68,4.93465967211731
"gdp",1990,1991,0.69,4.99764420836574
"gdp",1990,1991,0.7,5.0615205859693
"gdp",1990,1991,0.71,5.12636806120302
"gdp",1990,1991,0.72,5.19227285969863
"gdp",1990,1991,0.73,5.25932920731978
"gdp",1990,1991,0.74,5.32764054650876
"gdp",1990,1991,0.75,5.39732098106094
"gdp",1990,1991,0.76,5.46849700429635
"gdp",1990,1991,0.77,5.54130958163748
"gdp",1990,1991,0.78,5.61591668025725
"gdp",1990,1991,0.79,5.69249636804659
"gdp",1990,1991,0.8,5.77125064510274
"gdp",1990,1991,0.81,5.85241022842971
"gdp",1990,1991,0.82,5.9362405925091
"gdp",1990,1991,0.83,6.02304968726204
"gdp",1990,1991,0.84,6.113197930541
"gdp",1990,1991,0.85,6.20711133719332
"gdp",1990,1991,0.86,6.30529905564178
"gdp",1990,1991,0.87,6.40837723064669
"gdp",1990,1991,0.88,6.51710216734046
"gdp",1990,1991,0.89,6.63241755294516
"gdp",1990,1991,0.9,6.75552361338043
"gdp",1990,1991,0.91,6.88798179843636
"gdp",1990,1991,0.92,7.03187962489738
"gdp",1990,1991,0.93,7.19010299686404
"gdp",1990,1991,0.94,7.36681371544919
"gdp",1990,1991,0.95,7.56835321928576
"gdp",1990,1991,0.96,7.80513619722927
"gdp",1990,1991,0.97,8.09623076887431
"gdp",1990,1991,0.98,8.48319028628006
"gdp",1990,1991,0.99,9.09308637973989
"cpi",1991,1991,0.01,3.75957563092403
"cpi",1991,1991,0.02,4.11785442391348
"cpi",1991,1991,0.03,4.3451708312796
"cpi",1991,1991,0.04,4.51617210984679
"cpi",1991,1991,0.05,4.65526845830313
"cpi",1991,1991,0.06,4.77366129758931
"cpi",1991,1991,0.07,4.87746865697709
"cpi",1991,1991,0.08,4.97041576606473
"cpi",1991,1991,0.09,5.05494744306859
"cpi",1991,1991,0.1,5.1327589902687
"cpi",1991,1991,0.11,5.20507670342575
"cpi",1991,1991,0.12,5.27281784427024
"cpi",1991,1991,0.13,5.33668747633416
"cpi",1991,1991,0.14,5.39723996145472
"cpi",1991,1991,0.15,5.45491958529448
"cpi",1991,1991,0.16,5.51008829737796
"cpi",1991,1991,0.17,5.56304519304994
"cpi",1991,1991,0.18,5.61404053147252
"cpi",1991,1991,0.19,5.66328603735509
"cpi",1991,1991,0.2,5.71096261352228
"cpi",1991,1991,0.21,5.75722621092684
"cpi",1991,1991,0.22,5.80221236250723
"cpi",1991,1991,0.23,5.84603973167482
"cpi",1991,1991,0.24,5.88881292304951
"cpi",1991,1991,0.25,5.93062473323821
"cpi",1991,1991,0.26,5.97155797129965
"cpi",1991,1991,0.27,6.01168694476672
"cpi",1991,1991,0.28,6.05107868304086
"cpi",1991,1991,0.29,6.08979395259321
"cpi",1991,1991,0.3,6.12788810568632
"cpi",1991,1991,0.31,6.16541179490774
"cpi",1991,1991,0.32,6.20241157874973
"cpi",1991,1991,0.33,6.23893043812943
"cpi",1991,1991,0.34,6.27500821966487
"cpi",1991,1991,0.35,6.31068201837881
"cpi",1991,1991,0.36,6.34598651006061
"cpi",1991,1991,0.37,6.3809542416044
"cpi",1991,1991,0.38,6.41561588613529
"cpi",1991,1991,0.39,6.45000046854048
"cpi",1991,1991,0.4,6.48413556606828
"cpi",1991,1991,0.41,6.51804748789461
"cpi",1991,1991,0.42,6.55176143694082
"cpi",1991,1991,0.43,6.58530165673048
"cpi",1991,1991,0.44,6.61869156567083
"cpi",1991,1991,0.45,6.6519538808194
"cpi",1991,1991,0.46,6.68511073293411
"cpi",1991,1991,0.47,6.71818377439375
"cpi",1991,1991,0.48,6.75119428140828
"cpi",1991,1991,0.49,6.78416325180698
"cpi",1991,1991,0.5,6.81711149959256
"cpi",1991,1991,0.51,6.85005974737815
"cpi",1991,1991,0.52,6.88302871777684
"cpi",1991,1991,0.53,6.91603922479138
"cpi",1991,1991,0.54,6.94911226625102
"cpi",1991,1991,0.55,6.98226911836572
"cpi",1991,1991,0.56,7.0155314335143
"cpi",1991,1991,0.57,7.04892134245464
"cpi",1991,1991,0.58,7.08246156224431
"cpi",1991,1991,0.59,7.11617551129052
"cpi",1991,1991,0.6,7.15008743311684
"cpi",1991,1991,0.61,7.18422253064465
"cpi",1991,1991,0.62,7.21860711304983
"cpi",1991,1991,0.63,7.25326875758073
"cpi",1991,1991,0.64,7.28823648912451
"cpi",1991,1991,0.65,7.32354098080632
"cpi",1991,1991,0.66,7.35921477952026
"cpi",1991,1991,0.67,7.3952925610557
"cpi",1991,1991,0.68,7.4318114204354
"cpi",1991,1991,0.69,7.46881120427739
"cpi",1991,1991,0.7,7.50633489349881
"cpi",1991,1991,0.71,7.54442904659192
"cpi",1991,1991,0.72,7.58314431614427
"cpi",1991,1991,0.73,7.6225360544184
"cpi",1991,1991,0.74,7.66266502788547
"cpi",1991,1991,0.75,7.70359826594692
"cpi",1991,1991,0.76,7.74541007613562
"cpi",1991,1991,0.77,7.78818326751031
"cpi",1991,1991,0.78,7.8320106366779
"cpi",1991,1991,0.79,7.87699678825829
"cpi",1991,1991,0.8,7.92326038566284
"cpi",1991,1991,0.81,7.97093696183004
"cpi",1991,1991,0.82,8.02018246771261
"cpi",1991,1991,0.83,8.07117780613519
"cpi",1991,1991,0.84,8.12413470180717
"cpi",1991,1991,0.85,8.17930341389065
"cpi",1991,1991,0.86,8.23698303773041
"cpi",1991,1991,0.87,8.29753552285097
"cpi",1991,1991,0.88,8.36140515491489
"cpi",1991,1991,0.89,8.42914629575938
"cpi",1991,1991,0.9,8.50146400891643
"cpi",1991,1991,0.91,8.57927555611654
"cpi",1991,1991,0.92,8.6638072331204
"cpi",1991,1991,0.93,8.75675434220803
"cpi",1991,1991,0.94,8.86056170159581
"cpi",1991,1991,0.95,8.978954540882
"cpi",1991,1991,0.96,9.11805088933834
"cpi",1991,1991,0.97,9.28905216790553
"cpi",1991,1991,0.98,9.51636857527164
"cpi",1991,1991,0.99,9.8746473682611
"cpi",1991,1992,0.01,-1.79061160836601
"cpi",1991,1992,0.02,-0.65481238108755
"cpi",1991,1992,0.03,0.065815813732093
"cpi",1991,1992,0.04,0.60791633394336
"cpi",1991,1992,0.05,1.04887328753736
"cpi",1991,1992,0.06,1.42419691262423
"cpi",1991,1992,0.07,1.75328230892881
"cpi",1991,1992,0.08,2.04793903085935
"cpi",1991,1992,0.09,2.31591753056465
"cpi",1991,1992,0.1,2.56259217866704
"cpi",1991,1992,0.11,2.79185052253096
"cpi",1991,1992,0.12,3.00660042381355
"cpi",1991,1992,0.13,3.20907704303922
"cpi",1991,1992,0.14,3.40103779303468
"cpi",1991,1992,0.15,3.58389112811568
"cpi",1991,1992,0.16,3.75878448429655
"cpi",1991,1992,0.17,3.92666604011355
"cpi",1991,1992,0.18,4.08832915584497
"cpi",1991,1992,0.19,4.24444503158983
"cpi",1991,1992,0.2,4.39558715730191
"cpi",1991,1992,0.21,4.54224992163907
"cpi",1991,1992,0.22,4.68486298499375
"cpi",1991,1992,0.23,4.82380252874638
"cpi",1991,1992,0.24,4.95940016573248
"cpi",1991,1992,0.25,5.09195007555881
"cpi",1991,1992,0.26,5.22171477575854
"cpi",1991,1992,0.27,5.34892983271201
"cpi",1991,1992,0.28,5.47380773999645
"cpi",1991,1992,0.29,5.59654113673069
"cpi",1991,1992,0.3,5.71730549815427
"cpi",1991,1992,0.31,5.8362614008096
"cpi",1991,1992,0.32,5.95355644232337
"cpi",1991,1992,0.33,6.0693268788554
"cpi",1991,1992,0.34,6.18369903035217
"cpi",1991,1992,0.35,6.29679049377735
"cpi",1991,1992,0.36,6.40871119675023
"cpi",1991,1992,0.37,6.51956431796268
"cpi",1991,1992,0.38,6.62944709596889
"cpi",1991,1992,0.39,6.73845154415361
"cpi",1991,1992,0.4,6.84666508666237
"cpi",1991,1992,0.41,6.95417112765488
"cpi",1991,1992,0.42,7.06104956429267
"cpi",1991,1992,0.43,7.16737725229785
"cpi",1991,1992,0.44,7.27322843164594
"cpi",1991,1992,0.45,7.37867511892545
"cpi",1991,1992,0.46,7.48378747206431
"cpi",1991,1992,0.47,7.58863413245458
"cpi",1991,1992,0.48,7.69328254897497
"cpi",1991,1992,0.49,7.7977992879942
"cpi",1991,1992,0.5,7.90225033312248
"cpi",1991,1992,0.51,8.00670137825077
"cpi",1991,1992,0.52,8.11121811726999
"cpi",1991,1992,0.53,8.21586653379038
"cpi",1991,1992,0.54,8.32071319418065
"cpi",1991,1992,0.55,8.42582554731951
"cpi",1991,1992,0.56,8.53127223459903
"cpi",1991,1992,0.57,8.63712341394712
"cpi",1991,1992,0.58,8.74345110195229
"cpi",1991,1992,0.59,8.85032953859008
"cpi",1991,1992,0.6,8.95783557958259
"cpi",1991,1992,0.61,9.06604912209136
"cpi",1991,1992,0.62,9.17505357027608
"cpi",1991,1992,0.63,9.28493634828229
"cpi",1991,1992,0.64,9.39578946949474
"cpi",1991,1992,0.65,9.50771017246762
"cpi",1991,1992,0.66,9.6208016358928
"cpi",1991,1992,0.67,9.73517378738956
"cpi",1991,1992,0.68,9.8509442239216
"cpi",1991,1992,0.69,9.96823926543536
"cpi",1991,1992,0.7,10.0871951680907
"cpi",1991,1992,0.71,10.2079595295143
"cpi",1991,1992,0.72,10.3306929262485
"cpi",1991,1992,0.73,10.455570833533
"cpi",1991,1992,0.74,10.5827858904864
"cpi",1991,1992,0.75,10.7125505906862
"cpi",1991,1992,0.76,10.8451005005125
"cpi",1991,1992,0.77,10.9806981374986
"cpi",1991,1992,0.78,11.1196376812512
"cpi",1991,1992,0.79,11.2622507446059
"cpi",1991,1992,0.8,11.4089135089431
"cpi",1991,1992,0.81,11.5600556346551
"cpi",1991,1992,0.82,11.7161715104
"cpi",1991,1992,0.83,11.8778346261314
"cpi",1991,1992,0.84,12.0457161819484
"cpi",1991,1992,0.85,12.2206095381293
"cpi",1991,1992,0.86,12.4034628732103
"cpi",1991,1992,0.87,12.5954236232057
"cpi",1991,1992,0.88,12.7979002424314
"cpi",1991,1992,0.89,13.012650143714
"cpi",1991,1992,0.9,13.2419084875779
"cpi",1991,1992,0.91,13.4885831356803
"cpi",1991,1992,0.92,13.7565616353856
"cpi",1991,1992,0.93,14.0512183573162
"cpi",1991,1992,0.94,14.3803037536207
"cpi",1991,1992,0.95,14.7556273787076
"cpi",1991,1992,0.96,15.1965843323016
"cpi",1991,1992,0.97,15.7386848525129
"cpi",1991,1992,0.98,16.4593130473325
"cpi",1991,1992,0.99,17.595112274611
"gdp",1991,1991,0.01,-0.563745950633564
"gdp",1991,1991,0.02,-0.249473665268444
"gdp",1991,1991,0.03,-0.0500779760961847
"gdp",1991,1991,0.04,0.0999196337742139
"gdp",1991,1991,0.05,0.221931118044797
"gdp",1991,1991,0.06,0.325782054526068
"gdp",1991,1991,0.07,0.416839009921909
"gdp",1991,1991,0.08,0.498369652992688
"gdp",1991,1991,0.09,0.572518510914433
"gdp",1991,1991,0.1,0.640772656135618
"gdp",1991,1991,0.11,0.704207761508756
"gdp",1991,1991,0.12,0.76362842375003
"gdp",1991,1991,0.13,0.819653105162719
"gdp",1991,1991,0.14,0.8727680766758
"gdp",1991,1991,0.15,0.923363053430834
"gdp",1991,1991,0.16,0.971755527577732
"gdp",1991,1991,0.17,1.01820785731182
"gdp",1991,1991,0.18,1.06293956307455
"gdp",1991,1991,0.19,1.10613636394725
"gdp",1991,1991,0.2,1.14795694290317
"gdp",1991,1991,0.21,1.18853809582106
"gdp",1991,1991,0.22,1.22799870846014
"gdp",1991,1991,0.23,1.26644286909524
"gdp",1991,1991,0.24,1.30396233401674
"gdp",1991,1991,0.25,1.34063850185132
"gdp",1991,1991,0.26,1.37654401042365
"gdp",1991,1991,0.27,1.41174404025412
"gdp",1991,1991,0.28,1.44629738768677
"gdp",1991,1991,0.29,1.48025735539578
"gdp",1991,1991,0.3,1.51367249686069
"gdp",1991,1991,0.31,1.54658724313565
"gdp",1991,1991,0.32,1.57904243404721
"gdp",1991,1991,0.33,1.61107577127163
"gdp",1991,1991,0.34,1.6427222071643
"gdp",1991,1991,0.35,1.67401428045711
"gdp",1991,1991,0.36,1.70498240779704
"gdp",1991,1991,0.37,1.73565513842283
"gdp",1991,1991,0.38,1.7660593779547
"gdp",1991,1991,0.39,1.79622058622393
"gdp",1991,1991,0.4,1.8261629532329
"gdp",1991,1991,0.41,1.85590955666583
"gdp",1991,1991,0.42,1.88548250383088
"gdp",1991,1991,0.43,1.91490306047894
"gdp",1991,1991,0.44,1.94419176859158
"gdp",1991,1991,0.45,1.97336855494573
"gdp",1991,1991,0.46,2.00245283203246
"gdp",1991,1991,0.47,2.03146359272183
"gdp",1991,1991,0.48,2.06041949991901
"gdp",1991,1991,0.49,2.08933897234125
"gdp",1991,1991,0.5,2.11824026745825
"gdp",1991,1991,0.51,2.14714156257526
"gdp",1991,1991,0.52,2.1760610349975
"gdp",1991,1991,0.53,2.20501694219468
"gdp",1991,1991,0.54,2.23402770288405
"gdp",1991,1991,0.55,2.26311197997078
"gdp",1991,1991,0.56,2.29228876632493
"gdp",1991,1991,0.57,2.32157747443757
"gdp",1991,1991,0.58,2.35099803108563
"gdp",1991,1991,0.59,2.38057097825068
"gdp",1991,1991,0.6,2.4103175816836
"gdp",1991,1991,0.61,2.44025994869258
"gdp",1991,1991,0.62,2.47042115696181
"gdp",1991,1991,0.63,2.50082539649368
"gdp",1991,1991,0.64,2.53149812711947
"gdp",1991,1991,0.65,2.5624662544594
"gdp",1991,1991,0.66,2.59375832775221
"gdp",1991,1991,0.67,2.62540476364488
"gdp",1991,1991,0.68,2.6574381008693
"gdp",1991,1991,0.69,2.68989329178086
"gdp",1991,1991,0.7,2.72280803805582
"gdp",1991,1991,0.71,2.75622317952073
"gdp",1991,1991,0.72,2.79018314722973
"gdp",1991,1991,0.73,2.82473649466239
"gdp",1991,1991,0.74,2.85993652449286
"gdp",1991,1991,0.75,2.89584203306518
"gdp",1991,1991,0.76,2.93251820089977
"gdp",1991,1991,0.77,2.97003766582126
"gdp",1991,1991,0.78,3.00848182645637
"gdp",1991,1991,0.79,3.04794243909545
"gdp",1991,1991,0.8,3.08852359201334
"gdp",1991,1991,0.81,3.13034417096926
"gdp",1991,1991,0.82,3.17354097184196
"gdp",1991,1991,0.83,3.21827267760469
"gdp",1991,1991,0.84,3.26472500733878
"gdp",1991,1991,0.85,3.31311748148567
"gdp",1991,1991,0.86,3.36371245824071
"gdp",1991,1991,0.87,3.41682742975379
"gdp",1991,1991,0.88,3.47285211116648
"gdp",1991,1991,0.89,3.53227277340775
"gdp",1991,1991,0.9,3.59570787878089
"gdp",1991,1991,0.91,3.66396202400208
"gdp",1991,1991,0.92,3.73811088192382
"gdp",1991,1991,0.93,3.8196415249946
"gdp",1991,1991,0.94,3.91069848039044
"gdp",1991,1991,0.95,4.01454941687171
"gdp",1991,1991,0.96,4.1365609011423
"gdp",1991,1991,0.97,4.28655851101269
"gdp",1991,1991,0.98,4.48595420018495
"gdp",1991,1991,0.99,4.80022648555007
"gdp",1991,1992,0.01,-1.37632964335925
"gdp",1991,1992,0.02,-0.764249926624057
"gdp",1991,1992,0.03,-0.375904970259283
"gdp",1991,1992,0.04,-0.0837681868526121
"gdp",1991,1992,0.05,0.153862549958989
"gdp",1991,1992,0.06,0.356123629743009
"gdp",1991,1992,0.07,0.533467029275372
"gdp",1991,1992,0.08,0.692256891569539
"gdp",1991,1992,0.09,0.836669918318785
"gdp",1991,1992,0.1,0.969602346084248
"gdp",1991,1992,0.11,1.0931491656288
"gdp",1991,1992,0.12,1.20887741723266
"gdp",1991,1992,0.13,1.31799162400854
"gdp",1991,1992,0.14,1.42143885188088
"gdp",1991,1992,0.15,1.51997811379659
"gdp",1991,1992,0.16,1.6142277605115
"gdp",1991,1992,0.17,1.70469876336273
"gdp",1991,1992,0.18,1.79181866246718
"gdp",1991,1992,0.19,1.87594916608862
"gdp",1991,1992,0.2,1.95739932670747
"gdp",1991,1992,0.21,2.036435569289
"gdp",1991,1992,0.22,2.11328943687793
"gdp",1991,1992,0.23,2.18816365279653
"gdp",1991,1992,0.24,2.26123692247579
"gdp",1991,1992,0.25,2.33266777866168
"gdp",1991,1992,0.26,2.40259769147805
"gdp",1991,1992,0.27,2.47115360713148
"gdp",1991,1992,0.28,2.53845003794548
"gdp",1991,1992,0.29,2.60459079671941
"gdp",1991,1992,0.3,2.66967044667565
"gdp",1991,1992,0.31,2.73377552216132
"gdp",1991,1992,0.32,2.79698556321428
"gdp",1991,1992,0.33,2.85937399798072
"gdp",1991,1992,0.34,2.92100890000322
"gdp",1991,1992,0.35,2.98195364202802
"gdp",1991,1992,0.36,3.04226746380847
"gdp",1991,1992,0.37,3.1020059681157
"gdp",1991,1992,0.38,3.16122155659367
"gdp",1991,1992,0.39,3.21996381505395
"gdp",1991,1992,0.4,3.27827985617716
"gdp",1991,1992,0.41,3.33621462628233
"gdp",1991,1992,0.42,3.3938111817749
"gdp",1991,1992,0.43,3.45111094003522
"gdp",1991,1992,0.44,3.50815390882356
"gdp",1991,1992,0.45,3.56497889772179
"gdp",1991,1992,0.46,3.62162371468364
"gdp",1991,1992,0.47,3.67812535040502
"gdp",1991,1992,0.48,3.73452015293897
"gdp",1991,1992,0.49,3.79084399475586
"gdp",1991,1992,0.5,3.84713243427875
"gdp",1991,1992,0.51,3.90342087380164
"gdp",1991,1992,0.52,3.95974471561853
"gdp",1991,1992,0.53,4.01613951815248
"gdp",1991,1992,0.54,4.07264115387386
"gdp",1991,1992,0.55,4.12928597083571
"gdp",1991,1992,0.56,4.18611095973394
"gdp",1991,1992,0.57,4.24315392852228
"gdp",1991,1992,0.58,4.3004536867826
"gdp",1991,1992,0.59,4.35805024227517
"gdp",1991,1992,0.6,4.41598501238034
"gdp",1991,1992,0.61,4.47430105350355
"gdp",1991,1992,0.62,4.53304331196383
"gdp",1991,1992,0.63,4.5922589004418
"gdp",1991,1992,0.64,4.65199740474903
"gdp",1991,1992,0.65,4.71231122652948
"gdp",1991,1992,0.66,4.77325596855428
"gdp",1991,1992,0.67,4.83489087057678
"gdp",1991,1992,0.68,4.89727930534322
"gdp",1991,1992,0.69,4.96048934639618
"gdp",1991,1992,0.7,5.02459442188185
"gdp",1991,1992,0.71,5.08967407183809
"gdp",1991,1992,0.72,5.15581483061202
"gdp",1991,1992,0.73,5.22311126142602
"gdp",1991,1992,0.74,5.29166717707945
"gdp",1991,1992,0.75,5.36159708989582
"gdp",1991,1992,0.76,5.43302794608171
"gdp",1991,1992,0.77,5.50610121576097
"gdp",1991,1992,0.78,5.58097543167957
"gdp",1991,1992,0.79,5.6578292992685
"gdp",1991,1992,0.8,5.73686554185003
"gdp",1991,1992,0.81,5.81831570246888
"gdp",1991,1992,0.82,5.90244620609032
"gdp",1991,1992,0.83,5.98956610519478
"gdp",1991,1992,0.84,6.080037108046
"gdp",1991,1992,0.85,6.17428675476091
"gdp",1991,1992,0.86,6.27282601667662
"gdp",1991,1992,0.87,6.37627324454896
"gdp",1991,1992,0.88,6.48538745132484
"gdp",1991,1992,0.89,6.6011157029287
"gdp",1991,1992,0.9,6.72466252247325
"gdp",1991,1992,0.91,6.85759495023872
"gdp",1991,1992,0.92,7.00200797698796
"gdp",1991,1992,0.93,7.16079783928213
"gdp",1991,1992,0.94,7.33814123881449
"gdp",1991,1992,0.95,7.54040231859851
"gdp",1991,1992,0.96,7.77803305541012
"gdp",1991,1992,0.97,8.07016983881678
"gdp",1991,1992,0.98,8.45851479518156
"gdp",1991,1992,0.99,9.07059451191675
"cpi",1992,1992,0.01,3.13665208848102
"cpi",1992,1992,0.02,3.49012537896621
"cpi",1992,1992,0.03,3.71439284906272
"cpi",1992,1992,0.04,3.88310053088775
"cpi",1992,1992,0.05,4.0203312153307
"cpi",1992,1992,0.06,4.13713608151658
"cpi",1992,1992,0.07,4.23955109914354
"cpi",1992,1992,0.08,4.33125153225083
"cpi",1992,1992,0.09,4.41464940732871
"cpi",1992,1992,0.1,4.49141728799804
"cpi",1992,1992,0.11,4.56276502202577
"cpi",1992,1992,0.12,4.62959756814364
"cpi",1992,1992,0.13,4.69261053304546
"cpi",1992,1992,0.14,4.75235084305385
"cpi",1992,1992,0.15,4.80925682474054
"cpi",1992,1992,0.16,4.86368557289297
"cpi",1992,1992,0.17,4.91593217116597
"cpi",1992,1992,0.18,4.96624352205903
"cpi",1992,1992,0.19,5.01482851047176
"cpi",1992,1992,0.2,5.06186561282513
"cpi",1992,1992,0.21,5.10750868834133
"cpi",1992,1992,0.22,5.15189145208994
"cpi",1992,1992,0.23,5.1951309758801
"cpi",1992,1992,0.24,5.2373304612965
"cpi",1992,1992,0.25,5.27858146028872
"cpi",1992,1992,0.26,5.31896567121861
"cpi",1992,1992,0.27,5.35855640495098
"cpi",1992,1992,0.28,5.39741979183891
"cpi",1992,1992,0.29,5.4356157833083
"cpi",1992,1992,0.3,5.47319898919586
"cpi",1992,1992,0.31,5.51021938269883
"cpi",1992,1992,0.32,5.54672289783224
"cpi",1992,1992,0.33,5.58275193902109
"cpi",1992,1992,0.34,5.61834581843084
"cpi",1992,1992,0.35,5.65354113353813
"cpi",1992,1992,0.36,5.68837209503476
"cpi",1992,1992,0.37,5.72287081327162
"cpi",1992,1992,0.38,5.75706754996299
"cpi",1992,1992,0.39,5.79099094069262
"cpi",1992,1992,0.4,5.82466819282219
"cpi",1992,1992,0.41,5.85812526264932
"cpi",1992,1992,0.42,5.89138701505498
"cpi",1992,1992,0.43,5.92447736839052
"cpi",1992,1992,0.44,5.957419426958
"cpi",1992,1992,0.45,5.99023560311685
"cpi",1992,1992,0.46,6.02294773079073
"cpi",1992,1992,0.47,6.05557717194059
"cpi",1992,1992,0.48,6.08814491740399
"cpi",1992,1992,0.49,6.12067168337162
"cpi",1992,1992,0.5,6.1531780046733
"cpi",1992,1992,0.51,6.18568432597498
"cpi",1992,1992,0.52,6.21821109194261
"cpi",1992,1992,0.53,6.25077883740601
"cpi",1992,1992,0.54,6.28340827855586
"cpi",1992,1992,0.55,6.31612040622975
"cpi",1992,1992,0.56,6.3489365823886
"cpi",1992,1992,0.57,6.38187864095608
"cpi",1992,1992,0.58,6.41496899429162
"cpi",1992,1992,0.59,6.44823074669727
"cpi",1992,1992,0.6,6.48168781652441
"cpi",1992,1992,0.61,6.51536506865398
"cpi",1992,1992,0.62,6.54928845938361
"cpi",1992,1992,0.63,6.58348519607498
"cpi",1992,1992,0.64,6.61798391431184
"cpi",1992,1992,0.65,6.65281487580847
"cpi",1992,1992,0.66,6.68801019091576
"cpi",1992,1992,0.67,6.72360407032551
"cpi",1992,1992,0.68,6.75963311151436
"cpi",1992,1992,0.69,6.79613662664777
"cpi",1992,1992,0.7,6.83315702015074
"cpi",1992,1992,0.71,6.8707402260383
"cpi",1992,1992,0.72,6.90893621750769
"cpi",1992,1992,0.73,6.94779960439562
"cpi",1992,1992,0.74,6.98739033812799
"cpi",1992,1992,0.75,7.02777454905788
"cpi",1992,1992,0.76,7.0690255480501
"cpi",1992,1992,0.77,7.1112250334665
"cpi",1992,1992,0.78,7.15446455725666
"cpi",1992,1992,0.79,7.19884732100527
"cpi",1992,1992,0.8,7.24449039652147
"cpi",1992,1992,0.81,7.29152749887484
"cpi",1992,1992,0.82,7.34011248728757
"cpi",1992,1992,0.83,7.39042383818063
"cpi",1992,1992,0.84,7.44267043645363
"cpi",1992,1992,0.85,7.49709918460605
"cpi",1992,1992,0.86,7.55400516629275
"cpi",1992,1992,0.87,7.61374547630114
"cpi",1992,1992,0.88,7.67675844120296
"cpi",1992,1992,0.89,7.74359098732083
"cpi",1992,1992,0.9,7.81493872134856
"cpi",1992,1992,0.91,7.89170660201789
"cpi",1992,1992,0.92,7.97510447709576
"cpi",1992,1992,0.93,8.06680491020306
"cpi",1992,1992,0.94,8.16921992783002
"cpi",1992,1992,0.95,8.2860247940159
"cpi",1992,1992,0.96,8.42325547845885
"cpi",1992,1992,0.97,8.59196316028388
"cpi",1992,1992,0.98,8.81623063038038
"cpi",1992,1992,0.99,9.16970392086558
"cpi",1992,1993,0.01,-1.95958156182842
"cpi",1992,1993,0.02,-0.836916724666056
"cpi",1992,1993,0.03,-0.124621879273059
"cpi",1992,1993,0.04,0.411209786774908
"cpi",1992,1993,0.05,0.847067511109181
"cpi",1992,1993,0.06,1.21805089120091
"cpi",1992,1993,0.07,1.54333074170763
"cpi",1992,1993,0.08,1.83458005126879
"cpi",1992,1993,0.09,2.09945964575094
"cpi",1992,1993,0.1,2.34328174651739
"cpi",1992,1993,0.11,2.569888945308
"cpi",1992,1993,0.12,2.78215547724758
"cpi",1992,1993,0.13,2.98229065544879
"cpi",1992,1993,0.14,3.17203157000426
"cpi",1992,1993,0.15,3.3527703878543
"cpi",1992,1993,0.16,3.52564127605525
"cpi",1992,1993,0.17,3.69158144840021
"cpi",1992,1993,0.18,3.85137509074372
"cpi",1992,1993,0.19,4.00568564142222
"cpi",1992,1993,0.2,4.15507995854771
"cpi",1992,1993,0.21,4.30004671366419
"cpi",1992,1993,0.22,4.44101059856834
"cpi",1992,1993,0.23,4.57834344447651
"cpi",1992,1993,0.24,4.71237302945111
"cpi",1992,1993,0.25,4.84339013120388
"cpi",1992,1993,0.26,4.97165423151343
"cpi",1992,1993,0.27,5.09739817266885
"cpi",1992,1993,0.28,5.22083199097017
"cpi",1992,1993,0.29,5.3421460978561
"cpi",1992,1993,0.3,5.46151393936933
"cpi",1992,1993,0.31,5.579094235144
"cpi",1992,1993,0.32,5.69503287598684
"cpi",1992,1993,0.33,5.80946454239049
"cpi",1992,1993,0.34,5.92251409353668
"cpi",1992,1993,0.35,6.034297766497
"cpi",1992,1993,0.36,6.14492421768699
"cpi",1992,1993,0.37,6.2544954326394
"cpi",1992,1993,0.38,6.36310752544112
"cpi",1992,1993,0.39,6.47085144543348
"cpi",1992,1993,0.4,6.57781360578858
"cpi",1992,1993,0.41,6.68407644617986
"cpi",1992,1993,0.42,6.78971893983751
"cpi",1992,1993,0.43,6.89481705372355
"cpi",1992,1993,0.44,6.9994441693019
"cpi",1992,1993,0.45,7.10367147036076
"cpi",1992,1993,0.46,7.20756830352127
"cpi",1992,1993,0.47,7.31120251640597
"cpi",1992,1993,0.48,7.41464077791428
"cpi",1992,1993,0.49,7.51794888464095
"cpi",1992,1993,0.5,7.6211920571613
"cpi",1992,1993,0.51,7.72443522968164
"cpi",1992,1993,0.52,7.82774333640832
"cpi",1992,1993,0.53,7.93118159791662
"cpi",1992,1993,0.54,8.03481581080133
"cpi",1992,1993,0.55,8.13871264396184
"cpi",1992,1993,0.56,8.2429399450207
"cpi",1992,1993,0.57,8.34756706059905
"cpi",1992,1993,0.58,8.45266517448508
"cpi",1992,1993,0.59,8.55830766814274
"cpi",1992,1993,0.6,8.66457050853401
"cpi",1992,1993,0.61,8.77153266888911
"cpi",1992,1993,0.62,8.87927658888147
"cpi",1992,1993,0.63,8.98788868168319
"cpi",1992,1993,0.64,9.09745989663561
"cpi",1992,1993,0.65,9.20808634782559
"cpi",1992,1993,0.66,9.31987002078591
"cpi",1992,1993,0.67,9.43291957193211
"cpi",1992,1993,0.68,9.54735123833576
"cpi",1992,1993,0.69,9.66328987917859
"cpi",1992,1993,0.7,9.78087017495327
"cpi",1992,1993,0.71,9.90023801646649
"cpi",1992,1993,0.72,10.0215521233524
"cpi",1992,1993,0.73,10.1449859416537
"cpi",1992,1993,0.74,10.2707298828092
"cpi",1992,1993,0.75,10.3989939831187
"cpi",1992,1993,0.76,10.5300110848715
"cpi",1992,1993,0.77,10.6640406698461
"cpi",1992,1993,0.78,10.8013735157543
"cpi",1992,1993,0.79,10.9423374006584
"cpi",1992,1993,0.8,11.0873041557749
"cpi",1992,1993,0.81,11.2366984729004
"cpi",1992,1993,0.82,11.3910090235789
"cpi",1992,1993,0.83,11.5508026659224
"cpi",1992,1993,0.84,11.7167428382673
"cpi",1992,1993,0.85,11.8896137264683
"cpi",1992,1993,0.86,12.0703525443183
"cpi",1992,1993,0.87,12.2600934588738
"cpi",1992,1993,0.88,12.460228637075
"cpi",1992,1993,0.89,12.6724951690146
"cpi",1992,1993,0.9,12.8991023678052
"cpi",1992,1993,0.91,13.1429244685717
"cpi",1992,1993,0.92,13.4078040630538
"cpi",1992,1993,0.93,13.699053372615
"cpi",1992,1993,0.94,14.0243332231217
"cpi",1992,1993,0.95,14.3953166032134
"cpi",1992,1993,0.96,14.8311743275477
"cpi",1992,1993,0.97,15.3670059935957
"cpi",1992,1993,0.98,16.0793008389886
"cpi",1992,1993,0.99,17.201965676151
"gdp",1992,1992,0.01,-0.0432550901168649
"gdp",1992,1992,0.02,0.267053197650511
"gdp",1992,1992,0.03,0.463933857436832
"gdp",1992,1992,0.04,0.612039508668553
"gdp",1992,1992,0.05,0.732512030539114
"gdp",1992,1992,0.06,0.835053068305464
"gdp",1992,1992,0.07,0.924961498777996
"gdp",1992,1992,0.08,1.00546377476607
"gdp",1992,1992,0.09,1.07867737396993
"gdp",1992,1992,0.1,1.14607061200874
"gdp",1992,1992,0.11,1.20870559399518
"gdp",1992,1992,0.12,1.26737676805901
"gdp",1992,1992,0.13,1.32269479567855
"gdp",1992,1992,0.14,1.37513981432182
"gdp",1992,1992,0.15,1.42509662355253
"gdp",1992,1992,0.16,1.47287871091001
"gdp",1992,1992,0.17,1.51874512539783
"gdp",1992,1992,0.18,1.56291261858935
"gdp",1992,1992,0.19,1.6055645670431
"gdp",1992,1992,0.2,1.64685765222296
"gdp",1992,1992,0.21,1.68692694456589
"gdp",1992,1992,0.22,1.72588983029429
"gdp",1992,1992,0.23,1.76384908479067
"gdp",1992,1992,0.24,1.80089530699958
"gdp",1992,1992,0.25,1.83710886884579
"gdp",1992,1992,0.26,1.87256149195428
"gdp",1992,1992,0.27,1.90731753470671
"gdp",1992,1992,0.28,1.94143505183362
"gdp",1992,1992,0.29,1.97496667368877
"gdp",1992,1992,0.3,2.00796034133412
"gdp",1992,1992,0.31,2.04045992540344
"gdp",1992,1992,0.32,2.07250575059999
"gdp",1992,1992,0.33,2.10413504305902
"gdp",1992,1992,0.34,2.13538231427286
"gdp",1992,1992,0.35,2.16627969255393
"gdp",1992,1992,0.36,2.19685721089619
"gdp",1992,1992,0.37,2.22714305843945
"gdp",1992,1992,0.38,2.25716380143637
"gdp",1992,1992,0.39,2.28694457858682
"gdp",1992,1992,0.4,2.31650927477841
"gdp",1992,1992,0.41,2.34588067661056
"gdp",1992,1992,0.42,2.37508061254624
"gdp",1992,1992,0.43,2.40413008010593
"gdp",1992,1992,0.44,2.43304936216986
"gdp",1992,1992,0.45,2.46185813417339
"gdp",1992,1992,0.46,2.4905755637528
"gdp",1992,1992,0.47,2.51922040421619
"gdp",1992,1992,0.48,2.54781108306867
"gdp",1992,1992,0.49,2.57636578670744
"gdp",1992,1992,0.5,2.60490254231603
"gdp",1992,1992,0.51,2.63343929792462
"gdp",1992,1992,0.52,2.6619940015634
"gdp",1992,1992,0.53,2.69058468041587
"gdp",1992,1992,0.54,2.71922952087926
"gdp",1992,1992,0.55,2.74794695045867
"gdp",1992,1992,0.56,2.7767557224622
"gdp",1992,1992,0.57,2.80567500452613
"gdp",1992,1992,0.58,2.83472447208583
"gdp",1992,1992,0.59,2.86392440802151
"gdp",1992,1992,0.6,2.89329580985365
"gdp",1992,1992,0.61,2.92286050604525
"gdp",1992,1992,0.62,2.95264128319569
"gdp",1992,1992,0.63,2.98266202619262
"gdp",1992,1992,0.64,3.01294787373587
"gdp",1992,1992,0.65,3.04352539207814
"gdp",1992,1992,0.66,3.07442277035921
"gdp",1992,1992,0.67,3.10567004157304
"gdp",1992,1992,0.68,3.13729933403208
"gdp",1992,1992,0.69,3.16934515922863
"gdp",1992,1992,0.7,3.20184474329794
"gdp",1992,1992,0.71,3.23483841094329
"gdp",1992,1992,0.72,3.26837003279844
"gdp",1992,1992,0.73,3.30248754992536
"gdp",1992,1992,0.74,3.33724359267778
"gdp",1992,1992,0.75,3.37269621578628
"gdp",1992,1992,0.76,3.40890977763249
"gdp",1992,1992,0.77,3.44595599984139
"gdp",1992,1992,0.78,3.48391525433778
"gdp",1992,1992,0.79,3.52287814006617
"gdp",1992,1992,0.8,3.5629474324091
"gdp",1992,1992,0.81,3.60424051758897
"gdp",1992,1992,0.82,3.64689246604272
"gdp",1992,1992,0.83,3.69105995923424
"gdp",1992,1992,0.84,3.73692637372206
"gdp",1992,1992,0.85,3.78470846107954
"gdp",1992,1992,0.86,3.83466527031025
"gdp",1992,1992,0.87,3.88711028895352
"gdp",1992,1992,0.88,3.94242831657306
"gdp",1992,1992,0.89,4.00109949063688
"gdp",1992,1992,0.9,4.06373447262332
"gdp",1992,1992,0.91,4.13112771066213
"gdp",1992,1992,0.92,4.20434130986599
"gdp",1992,1992,0.93,4.28484358585407
"gdp",1992,1992,0.94,4.3747520163266
"gdp",1992,1992,0.95,4.47729305409295
"gdp",1992,1992,0.96,4.59776557596351
"gdp",1992,1992,0.97,4.74587122719523
"gdp",1992,1992,0.98,4.94275188698155
"gdp",1992,1992,0.99,5.25306017474893
"gdp",1992,1993,0.01,-1.42682717698573
"gdp",1992,1993,0.02,-0.821710735659765
"gdp",1992,1993,0.03,-0.437783754292388
"gdp",1992,1993,0.04,-0.148970441382135
"gdp",1992,1993,0.05,0.085956908565183
"gdp",1992,1993,0.06,0.285916981528367
"gdp",1992,1993,0.07,0.461242848214619
"gdp",1992,1993,0.08,0.618226250478964
"gdp",1992,1993,0.09,0.760996374105562
"gdp",1992,1993,0.1,0.892416506854479
"gdp",1992,1993,0.11,1.01455780599556
"gdp",1992,1993,0.12,1.12896948450198
"gdp",1992,1993,0.13,1.23684236232664
"gdp",1992,1993,0.14,1.33911273117505
"gdp",1992,1993,0.15,1.43653096914474
"gdp",1992,1993,0.16,1.52970839237412
"gdp",1992,1993,0.17,1.61915015917622
"gdp",1992,1993,0.18,1.70527894579238
"gdp",1992,1993,0.19,1.78845234554153
"gdp",1992,1993,0.2,1.86897589499356
"gdp",1992,1993,0.21,1.94711298815164
"gdp",1992,1993,0.22,2.02309253392978
"gdp",1992,1993,0.23,2.09711494938476
"gdp",1992,1993,0.24,2.16935690691967
"gdp",1992,1993,0.25,2.23997513574553
"gdp",1992,1993,0.26,2.30910949656276
"gdp",1992,1993,0.27,2.37688549138468
"gdp",1992,1993,0.28,2.44341632979461
"gdp",1992,1993,0.29,2.508804643574
"gdp",1992,1993,0.3,2.57314392015437
"gdp",1992,1993,0.31,2.63651970943184
"gdp",1992,1993,0.32,2.69901064656345
"gdp",1992,1993,0.33,2.76068932434604
"gdp",1992,1993,0.34,2.82162304188902
"gdp",1992,1993,0.35,2.88187445098371
"gdp",1992,1993,0.36,2.9415021174472
"gdp",1992,1993,0.37,3.00056101149019
"gdp",1992,1993,0.38,3.05910293861358
"gdp",1992,1993,0.39,3.11717692051995
"gdp",1992,1993,0.4,3.17482953391632
"gdp",1992,1993,0.41,3.23210521379357
"gdp",1992,1993,0.42,3.2890465267294
"gdp",1992,1993,0.43,3.34569441892271
"gdp",1992,1993,0.44,3.4020884429887
"gdp",1992,1993,0.45,3.45826696699517
"gdp",1992,1993,0.46,3.51426736877673
"gdp",1992,1993,0.47,3.57012621820763
"gdp",1992,1993,0.48,3.62587944983022
"gdp",1992,1993,0.49,3.6815625280146
"gdp",1992,1993,0.5,3.73721060665633
"gdp",1992,1993,0.51,3.79285868529805
"gdp",1992,1993,0.52,3.84854176348244
"gdp",1992,1993,0.53,3.90429499510503
"gdp",1992,1993,0.54,3.96015384453592
"gdp",1992,1993,0.55,4.01615424631749
"gdp",1992,1993,0.56,4.07233277032396
"gdp",1992,1993,0.57,4.12872679438995
"gdp",1992,1993,0.58,4.18537468658325
"gdp",1992,1993,0.59,4.24231599951909
"gdp",1992,1993,0.6,4.29959167939634
"gdp",1992,1993,0.61,4.35724429279271
"gdp",1992,1993,0.62,4.41531827469908
"gdp",1992,1993,0.63,4.47386020182246
"gdp",1992,1993,0.64,4.53291909586545
"gdp",1992,1993,0.65,4.59254676232894
"gdp",1992,1993,0.66,4.65279817142364
"gdp",1992,1993,0.67,4.71373188896661
"gdp",1992,1993,0.68,4.7754105667492
"gdp",1992,1993,0.69,4.83790150388081
"gdp",1992,1993,0.7,4.90127729315828
"gdp",1992,1993,0.71,4.96561656973865
"gdp",1992,1993,0.72,5.03100488351804
"gdp",1992,1993,0.73,5.09753572192798
"gdp",1992,1993,0.74,5.1653117167499
"gdp",1992,1993,0.75,5.23444607756712
"gdp",1992,1993,0.76,5.30506430639298
"gdp",1992,1993,0.77,5.3773062639279
"gdp",1992,1993,0.78,5.45132867938287
"gdp",1992,1993,0.79,5.52730822516101
"gdp",1992,1993,0.8,5.60544531831909
"gdp",1992,1993,0.81,5.68596886777112
"gdp",1992,1993,0.82,5.76914226752028
"gdp",1992,1993,0.83,5.85527105413643
"gdp",1992,1993,0.84,5.94471282093854
"gdp",1992,1993,0.85,6.03789024416792
"gdp",1992,1993,0.86,6.1353084821376
"gdp",1992,1993,0.87,6.23757885098602
"gdp",1992,1993,0.88,6.34545172881067
"gdp",1992,1993,0.89,6.4598634073171
"gdp",1992,1993,0.9,6.58200470645817
"gdp",1992,1993,0.91,6.71342483920709
"gdp",1992,1993,0.92,6.85619496283369
"gdp",1992,1993,0.93,7.01317836509803
"gdp",1992,1993,0.94,7.18850423178429
"gdp",1992,1993,0.95,7.38846430474747
"gdp",1992,1993,0.96,7.62339165469479
"gdp",1992,1993,0.97,7.91220496760504
"gdp",1992,1993,0.98,8.29613194897242
"gdp",1992,1993,0.99,8.90124839029839
"cpi",1993,1993,0.01,2.1879517025772
"cpi",1993,1993,0.02,2.53776505060411
"cpi",1993,1993,0.03,2.75971040455235
"cpi",1993,1993,0.04,2.92667124885282
"cpi",1993,1993,0.05,3.06248101572692
"cpi",1993,1993,0.06,3.17807645788955
"cpi",1993,1993,0.07,3.27943104724238
"cpi",1993,1993,0.08,3.37018199330892
"cpi",1993,1993,0.09,3.45271634791114
"cpi",1993,1993,0.1,3.52868935656763
"cpi",1993,1993,0.11,3.5992983400077
"cpi",1993,1993,0.12,3.66543888681553
"cpi",1993,1993,0.13,3.72779940121579
"cpi",1993,1993,0.14,3.78692114653215
"cpi",1993,1993,0.15,3.8432379108038
"cpi",1993,1993,0.16,3.89710309137792
"cpi",1993,1993,0.17,3.9488087165464
"cpi",1993,1993,0.18,3.99859913232435
"cpi",1993,1993,0.19,4.04668106076985
"cpi",1993,1993,0.2,4.09323113031862
"cpi",1993,1993,0.21,4.13840160709962
"cpi",1993,1993,0.22,4.18232482166635
"cpi",1993,1993,0.23,4.22511663363993
"cpi",1993,1993,0.24,4.26687917603249
"cpi",1993,1993,0.25,4.30770305284399
"cpi",1993,1993,0.26,4.34766911651296
"cpi",1993,1993,0.27,4.3868499188269
"cpi",1993,1993,0.28,4.42531090541028
"cpi",1993,1993,0.29,4.46311140693834
"cpi",1993,1993,0.3,4.50030546780519
"cpi",1993,1993,0.31,4.53694254377428
"cpi",1993,1993,0.32,4.57306809324943
"cpi",1993,1993,0.33,4.60872408159065
"cpi",1993,1993,0.34,4.64394941391632
"cpi",1993,1993,0.35,4.67878030876454
"cpi",1993,1993,0.36,4.71325062260185
"cpi",1993,1993,0.37,4.74739213330131
"cpi",1993,1993,0.38,4.78123478924056
"cpi",1993,1993,0.39,4.81480692950402
"cpi",1993,1993,0.4,4.84813547974221
"cpi",1993,1993,0.41,4.88124612749535
"cpi",1993,1993,0.42,4.91416348018781
"cpi",1993,1993,0.43,4.94691120851491
"cpi",1993,1993,0.44,4.97951217755156
"cpi",1993,1993,0.45,5.01198856759453
"cpi",1993,1993,0.46,5.04436198649409
"cpi",1993,1993,0.47,5.07665357502462
"cpi",1993,1993,0.48,5.10888410667978
"cpi",1993,1993,0.49,5.14107408315016
"cpi",1993,1993,0.5,5.17324382664329
"cpi",1993,1993,0.51,5.20541357013641
"cpi",1993,1993,0.52,5.23760354660679
"cpi",1993,1993,0.53,5.26983407826196
"cpi",1993,1993,0.54,5.30212566679248
"cpi",1993,1993,0.55,5.33449908569205
"cpi",1993,1993,0.56,5.36697547573501
"cpi",1993,1993,0.57,5.39957644477166
"cpi",1993,1993,0.58,5.43232417309877
"cpi",1993,1993,0.59,5.46524152579123
"cpi",1993,1993,0.6,5.49835217354437
"cpi",1993,1993,0.61,5.53168072378255
"cpi",1993,1993,0.62,5.56525286404602
"cpi",1993,1993,0.63,5.59909551998527
"cpi",1993,1993,0.64,5.63323703068472
"cpi",1993,1993,0.65,5.66770734452204
"cpi",1993,1993,0.66,5.70253823937026
"cpi",1993,1993,0.67,5.73776357169593
"cpi",1993,1993,0.68,5.77341956003715
"cpi",1993,1993,0.69,5.8095451095123
"cpi",1993,1993,0.7,5.84618218548138
"cpi",1993,1993,0.71,5.88337624634823
"cpi",1993,1993,0.72,5.9211767478763
"cpi",1993,1993,0.73,5.95963773445967
"cpi",1993,1993,0.74,5.99881853677362
"cpi",1993,1993,0.75,6.03878460044259
"cpi",1993,1993,0.76,6.07960847725409
"cpi",1993,1993,0.77,6.12137101964664
"cpi",1993,1993,0.78,6.16416283162022
"cpi",1993,1993,0.79,6.20808604618695
"cpi",1993,1993,0.8,6.25325652296796
"cpi",1993,1993,0.81,6.29980659251672
"cpi",1993,1993,0.82,6.34788852096223
"cpi",1993,1993,0.83,6.39767893674018
"cpi",1993,1993,0.84,6.44938456190866
"cpi",1993,1993,0.85,6.50324974248277
"cpi",1993,1993,0.86,6.55956650675443
"cpi",1993,1993,0.87,6.61868825207078
"cpi",1993,1993,0.88,6.68104876647104
"cpi",1993,1993,0.89,6.74718931327888
"cpi",1993,1993,0.9,6.81779829671894
"cpi",1993,1993,0.91,6.89377130537543
"cpi",1993,1993,0.92,6.97630565997766
"cpi",1993,1993,0.93,7.06705660604419
"cpi",1993,1993,0.94,7.16841119539702
"cpi",1993,1993,0.95,7.28400663755966
"cpi",1993,1993,0.96,7.41981640443376
"cpi",1993,1993,0.97,7.58677724873423
"cpi",1993,1993,0.98,7.80872260268246
"cpi",1993,1993,0.99,8.15853595070938
"cpi",1993,1994,0.01,-2.47777085583418
"cpi",1993,1994,0.02,-1.36343775497768
"cpi",1993,1994,0.03,-0.656429129146741
"cpi",1993,1994,0.04,-0.124574080160308
"cpi",1993,1994,0.05,0.308048972965053
"cpi",1993,1994,0.06,0.676279139814087
"cpi",1993,1994,0.07,0.999144960905865
"cpi",1993,1994,0.08,1.28823279505049
"cpi",1993,1994,0.09,1.55114661411956
"cpi",1993,1994,0.1,1.79315921539704
"cpi",1993,1994,0.11,2.01808467324161
"cpi",1993,1994,0.12,2.22877589195133
"cpi",1993,1994,0.13,2.42742578845928
"cpi",1993,1994,0.14,2.61575856123086
"cpi",1993,1994,0.15,2.79515604538922
"cpi",1993,1994,0.16,2.96674399089189
"cpi",1993,1994,0.17,3.13145265610064
"cpi",1993,1994,0.18,3.29006040711908
"cpi",1993,1994,0.19,3.44322575864739
"cpi",1993,1994,0.2,3.59151136192109
"cpi",1993,1994,0.21,3.73540226186087
"cpi",1993,1994,0.22,3.87531999845897
"cpi",1993,1994,0.23,4.01163364342634
"cpi",1993,1994,0.24,4.14466854225577
"cpi",1993,1994,0.25,4.2747133146835
"cpi",1993,1994,0.26,4.40202551677204
"cpi",1993,1994,0.27,4.52683626279647
"cpi",1993,1994,0.28,4.64935403029503
"cpi",1993,1994,0.29,4.76976781758842
"cpi",1993,1994,0.3,4.88824978350818
"cpi",1993,1994,0.31,5.00495746976777
"cpi",1993,1994,0.32,5.12003568446097
"cpi",1993,1994,0.33,5.23361810856366
"cpi",1993,1994,0.34,5.34582867462859
"cpi",1993,1994,0.35,5.4567827570864
"cpi",1993,1994,0.36,5.56658820597075
"cpi",1993,1994,0.37,5.67534624993974
"cpi",1993,1994,0.38,5.78315228977988
"cpi",1993,1994,0.39,5.89009659986176
"cpi",1993,1994,0.4,5.99626495205143
"cpi",1993,1994,0.41,6.10173917420515
"cpi",1993,1994,0.42,6.20659765346179
"cpi",1993,1994,0.43,6.31091579300271
"cpi",1993,1994,0.44,6.41476642969922
"cpi",1993,1994,0.45,6.51822021905668
"cpi",1993,1994,0.46,6.62134599304775
"cpi",1993,1994,0.47,6.72421109577113
"cpi",1993,1994,0.48,6.82688170135017
"cpi",1993,1994,0.49,6.92942311807729
"cpi",1993,1994,0.5,7.03190008250031
"cpi",1993,1994,0.51,7.13437704692332
"cpi",1993,1994,0.52,7.23691846365044
"cpi",1993,1994,0.53,7.33958906922948
"cpi",1993,1994,0.54,7.44245417195286
"cpi",1993,1994,0.55,7.54557994594393
"cpi",1993,1994,0.56,7.64903373530139
"cpi",1993,1994,0.57,7.7528843719979
"cpi",1993,1994,0.58,7.85720251153882
"cpi",1993,1994,0.59,7.96206099079546
"cpi",1993,1994,0.6,8.06753521294918
"cpi",1993,1994,0.61,8.17370356513885
"cpi",1993,1994,0.62,8.28064787522073
"cpi",1993,1994,0.63,8.38845391506088
"cpi",1993,1994,0.64,8.49721195902986
"cpi",1993,1994,0.65,8.60701740791421
"cpi",1993,1994,0.66,8.71797149037203
"cpi",1993,1994,0.67,8.83018205643695
"cpi",1993,1994,0.68,8.94376448053964
"cpi",1993,1994,0.69,9.05884269523285
"cpi",1993,1994,0.7,9.17555038149244
"cpi",1993,1994,0.71,9.29403234741219
"cpi",1993,1994,0.72,9.41444613470559
"cpi",1993,1994,0.73,9.53696390220414
"cpi",1993,1994,0.74,9.66177464822858
"cpi",1993,1994,0.75,9.78908685031711
"cpi",1993,1994,0.76,9.91913162274484
"cpi",1993,1994,0.77,10.0521665215743
"cpi",1993,1994,0.78,10.1884801665416
"cpi",1993,1994,0.79,10.3283979031397
"cpi",1993,1994,0.8,10.4722888030795
"cpi",1993,1994,0.81,10.6205744063532
"cpi",1993,1994,0.82,10.7737397578815
"cpi",1993,1994,0.83,10.9323475089
"cpi",1993,1994,0.84,11.0970561741087
"cpi",1993,1994,0.85,11.2686441196114
"cpi",1993,1994,0.86,11.4480416037697
"cpi",1993,1994,0.87,11.6363743765413
"cpi",1993,1994,0.88,11.8350242730493
"cpi",1993,1994,0.89,12.045715491759
"cpi",1993,1994,0.9,12.2706409496036
"cpi",1993,1994,0.91,12.5126535508811
"cpi",1993,1994,0.92,12.7755673699501
"cpi",1993,1994,0.93,13.0646552040947
"cpi",1993,1994,0.94,13.3875210251865
"cpi",1993,1994,0.95,13.7557511920356
"cpi",1993,1994,0.96,14.1883742451609
"cpi",1993,1994,0.97,14.7202292941474
"cpi",1993,1994,0.98,15.4272379199783
"cpi",1993,1994,0.99,16.5415710208348
"gdp",1993,1993,0.01,-2.42308074576379
"gdp",1993,1993,0.02,-2.10773746160381
"gdp",1993,1993,0.03,-1.90766225803352
"gdp",1993,1993,0.04,-1.75715347595073
"gdp",1993,1993,0.05,-1.63472619251904
"gdp",1993,1993,0.06,-1.53052134564543
"gdp",1993,1993,0.07,-1.43915408006942
"gdp",1993,1993,0.08,-1.35734559124342
"gdp",1993,1993,0.09,-1.2829440437236
"gdp",1993,1993,0.1,-1.21445729731331
"gdp",1993,1993,0.11,-1.15080601340783
"gdp",1993,1993,0.12,-1.09118285333072
"gdp",1993,1993,0.13,-1.03496724714015
"gdp",1993,1993,0.14,-0.981671266759512
"gdp",1993,1993,0.15,-0.930903868949062
"gdp",1993,1993,0.16,-0.88234647958722
"gdp",1993,1993,0.17,-0.835735846396289
"gdp",1993,1993,0.18,-0.790851700837893
"gdp",1993,1993,0.19,-0.7475076909244
"gdp",1993,1993,0.2,-0.705544592911758
"gdp",1993,1993,0.21,-0.664825144738791
"gdp",1993,1993,0.22,-0.625230055499172
"gdp",1993,1993,0.23,-0.586654882198845
"gdp",1993,1993,0.24,-0.54900755585404
"gdp",1993,1993,0.25,-0.51220640044218
"gdp",1993,1993,0.26,-0.476178530598431
"gdp",1993,1993,0.27,-0.440858543675714
"gdp",1993,1993,0.28,-0.406187442959736
"gdp",1993,1993,0.29,-0.372111744127802
"gdp",1993,1993,0.3,-0.338582728236459
"gdp",1993,1993,0.31,-0.305555812816353
"gdp",1993,1993,0.32,-0.272990018864139
"gdp",1993,1993,0.33,-0.2408475162212
"gdp",1993,1993,0.34,-0.209093233419076
"gdp",1993,1993,0.35,-0.177694520838151
"gdp",1993,1993,0.36,-0.146620858175489
"gdp",1993,1993,0.37,-0.115843598900292
"gdp",1993,1993,0.38,-0.0853357457015094
"gdp",1993,1993,0.39,-0.05507175198408
"gdp",1993,1993,0.4,-0.0250273453092612
"gdp",1993,1993,0.41,0.00482063065287069
"gdp",1993,1993,0.42,0.0344943585493094
"gdp",1993,1993,0.43,0.0640151766018377
"gdp",1993,1993,0.44,0.0934036967963936
"gdp",1993,1993,0.45,0.122679913817768
"gdp",1993,1993,0.46,0.151863306312246
"gdp",1993,1993,0.47,0.180972931875117
"gdp",1993,1993,0.48,0.210027517012276
"gdp",1993,1993,0.49,0.239045543209554
"gdp",1993,1993,0.5,0.26804533015572
"gdp",1993,1993,0.51,0.297045117101886
"gdp",1993,1993,0.52,0.326063143299164
"gdp",1993,1993,0.53,0.355117728436323
"gdp",1993,1993,0.54,0.384227353999194
"gdp",1993,1993,0.55,0.413410746493672
"gdp",1993,1993,0.56,0.442686963515047
"gdp",1993,1993,0.57,0.472075483709603
"gdp",1993,1993,0.58,0.501596301762131
"gdp",1993,1993,0.59,0.53127002965857
"gdp",1993,1993,0.6,0.561118005620701
"gdp",1993,1993,0.61,0.59116241229552
"gdp",1993,1993,0.62,0.62142640601295
"gdp",1993,1993,0.63,0.651934259211732
"gdp",1993,1993,0.64,0.68271151848693
"gdp",1993,1993,0.65,0.713785181149591
"gdp",1993,1993,0.66,0.745183893730517
"gdp",1993,1993,0.67,0.77693817653264
"gdp",1993,1993,0.68,0.809080679175579
"gdp",1993,1993,0.69,0.841646473127793
"gdp",1993,1993,0.7,0.8746733885479
"gdp",1993,1993,0.71,0.908202404439243
"gdp",1993,1993,0.72,0.942278103271176
"gdp",1993,1993,0.73,0.976949203987154
"gdp",1993,1993,0.74,1.01226919090987
"gdp",1993,1993,0.75,1.04829706075362
"gdp",1993,1993,0.76,1.08509821616548
"gdp",1993,1993,0.77,1.12274554251029
"gdp",1993,1993,0.78,1.16132071581061
"gdp",1993,1993,0.79,1.20091580505023
"gdp",1993,1993,0.8,1.2416352532232
"gdp",1993,1993,0.81,1.28359835123584
"gdp",1993,1993,0.82,1.32694236114933
"gdp",1993,1993,0.83,1.37182650670773
"gdp",1993,1993,0.84,1.41843713989866
"gdp",1993,1993,0.85,1.4669945292605
"gdp",1993,1993,0.86,1.51776192707095
"gdp",1993,1993,0.87,1.57105790745159
"gdp",1993,1993,0.88,1.62727351364216
"gdp",1993,1993,0.89,1.68689667371927
"gdp",1993,1993,0.9,1.75054795762475
"gdp",1993,1993,0.91,1.81903470403504
"gdp",1993,1993,0.92,1.89343625155486
"gdp",1993,1993,0.93,1.97524474038086
"gdp",1993,1993,0.94,2.06661200595687
"gdp",1993,1993,0.95,2.17081685283048
"gdp",1993,1993,0.96,2.29324413626217
"gdp",1993,1993,0.97,2.44375291834496
"gdp",1993,1993,0.98,2.64382812191525
"gdp",1993,1993,0.99,2.95917140607523
"gdp",1993,1994,0.01,-1.84015062194732
"gdp",1993,1994,0.02,-1.21588623755023
"gdp",1993,1994,0.03,-0.819810500206928
"gdp",1993,1994,0.04,-0.521858151408525
"gdp",1993,1994,0.05,-0.279496900784532
"gdp",1993,1994,0.06,-0.0732094107622339
"gdp",1993,1994,0.07,0.107664362880318
"gdp",1993,1994,0.08,0.269615254117664
"gdp",1993,1994,0.09,0.41690311022145
"gdp",1993,1994,0.1,0.552481823118613
"gdp",1993,1994,0.11,0.678488088541983
"gdp",1993,1994,0.12,0.796520141834308
"gdp",1993,1994,0.13,0.907806484543474
"gdp",1993,1994,0.14,1.01331303583023
"gdp",1993,1994,0.15,1.11381391830821
"gdp",1993,1994,0.16,1.20993979223842
"gdp",1993,1994,0.17,1.30221180086167
"gdp",1993,1994,0.18,1.39106599533371
"gdp",1993,1994,0.19,1.47687128444277
"gdp",1993,1994,0.2,1.55994287297537
"gdp",1993,1994,0.21,1.64055248961712
"gdp",1993,1994,0.22,1.71893628673892
"gdp",1993,1994,0.23,1.79530102327513
"gdp",1993,1994,0.24,1.8698289621448
"gdp",1993,1994,0.25,1.94268179200443
"gdp",1993,1994,0.26,2.01400379922288
"gdp",1993,1994,0.27,2.08392445712418
"gdp",1993,1994,0.28,2.15256055762806
"gdp",1993,1994,0.29,2.22001798013472
"gdp",1993,1994,0.3,2.28639317033611
"gdp",1993,1994,0.31,2.35177438521814
"gdp",1993,1994,0.32,2.41624274822176
"gdp",1993,1994,0.33,2.4798731492269
"gdp",1993,1994,0.34,2.54273501691577
"gdp",1993,1994,0.35,2.60489298559554
"gdp",1993,1994,0.36,2.66640747430502
"gdp",1993,1994,0.37,2.72733519269941
"gdp",1993,1994,0.38,2.7877295855819
"gdp",1993,1994,0.39,2.84764122586857
"gdp",1993,1994,0.4,2.90711816411189
"gdp",1993,1994,0.41,2.96620624137707
"gdp",1993,1994,0.42,3.02494937119314
"gdp",1993,1994,0.43,3.08338979543605
"gdp",1993,1994,0.44,3.14156831830032
"gdp",1993,1994,0.45,3.19952452194996
"gdp",1993,1994,0.46,3.25729696698146
"gdp",1993,1994,0.47,3.31492338046429
"gdp",1993,1994,0.48,3.372440834032
"gdp",1993,1994,0.49,3.42988591426802
"gdp",1993,1994,0.5,3.48729488745678
"gdp",1993,1994,0.51,3.54470386064554
"gdp",1993,1994,0.52,3.60214894088156
"gdp",1993,1994,0.53,3.65966639444927
"gdp",1993,1994,0.54,3.7172928079321
"gdp",1993,1994,0.55,3.77506525296359
"gdp",1993,1994,0.56,3.83302145661324
"gdp",1993,1994,0.57,3.89119997947751
"gdp",1993,1994,0.58,3.94964040372041
"gdp",1993,1994,0.59,4.00838353353649
"gdp",1993,1994,0.6,4.06747161080166
"gdp",1993,1994,0.61,4.12694854904499
"gdp",1993,1994,0.62,4.18686018933166
"gdp",1993,1994,0.63,4.24725458221415
"gdp",1993,1994,0.64,4.30818230060854
"gdp",1993,1994,0.65,4.36969678931802
"gdp",1993,1994,0.66,4.43185475799779
"gdp",1993,1994,0.67,4.49471662568666
"gdp",1993,1994,0.68,4.5583470266918
"gdp",1993,1994,0.69,4.62281538969542
"gdp",1993,1994,0.7,4.68819660457745
"gdp",1993,1994,0.71,4.75457179477884
"gdp",1993,1994,0.72,4.82202921728549
"gdp",1993,1994,0.73,4.89066531778938
"gdp",1993,1994,0.74,4.96058597569068
"gdp",1993,1994,0.75,5.03190798290913
"gdp",1993,1994,0.76,5.10476081276876
"gdp",1993,1994,0.77,5.17928875163843
"gdp",1993,1994,0.78,5.25565348817464
"gdp",1993,1994,0.79,5.33403728529644
"gdp",1993,1994,0.8,5.41464690193819
"gdp",1993,1994,0.81,5.49771849047079
"gdp",1993,1994,0.82,5.58352377957985
"gdp",1993,1994,0.83,5.67237797405188
"gdp",1993,1994,0.84,5.76464998267514
"gdp",1993,1994,0.85,5.86077585660534
"gdp",1993,1994,0.86,5.96127673908332
"gdp",1993,1994,0.87,6.06678329037008
"gdp",1993,1994,0.88,6.17806963307925
"gdp",1993,1994,0.89,6.29610168637157
"gdp",1993,1994,0.9,6.42210795179495
"gdp",1993,1994,0.91,6.55768666469211
"gdp",1993,1994,0.92,6.7049745207959
"gdp",1993,1994,0.93,6.86692541203324
"gdp",1993,1994,0.94,7.04779918567579
"gdp",1993,1994,0.95,7.25408667569809
"gdp",1993,1994,0.96,7.49644792632209
"gdp",1993,1994,0.97,7.79440027512049
"gdp",1993,1994,0.98,8.19047601246379
"gdp",1993,1994,0.99,8.81474039686088
"cpi",1994,1994,0.01,1.7515913587287
"cpi",1994,1994,0.02,2.09732891408309
"cpi",1994,1994,0.03,2.3166883082547
"cpi",1994,1994,0.04,2.48170383574654
"cpi",1994,1994,0.05,2.6159312374656
"cpi",1994,1994,0.06,2.73017983835188
"cpi",1994,1994,0.07,2.83035351138193
"cpi",1994,1994,0.08,2.9200470877309
"cpi",1994,1994,0.09,3.0016198068792
"cpi",1994,1994,0.1,3.07670762852456
"cpi",1994,1994,0.11,3.14649392301081
"cpi",1994,1994,0.12,3.21186384411909
"cpi",1994,1994,0.13,3.27349777524549
"cpi",1994,1994,0.14,3.33193067327312
"cpi",1994,1994,0.15,3.38759127203122
"cpi",1994,1994,0.16,3.44082885131588
"cpi",1994,1994,0.17,3.49193203689943
"cpi",1994,1994,0.18,3.54114232783956
"cpi",1994,1994,0.19,3.58866403760632
"cpi",1994,1994,0.2,3.63467173667825
"cpi",1994,1994,0.21,3.67931591708058
"cpi",1994,1994,0.22,3.72272736753912
"cpi",1994,1994,0.23,3.76502059775569
"cpi",1994,1994,0.24,3.80629655075641
"cpi",1994,1994,0.25,3.84664477488367
"cpi",1994,1994,0.26,3.8861451805371
"cpi",1994,1994,0.27,3.92486947417899
"cpi",1994,1994,0.28,3.96288233890487
"cpi",1994,1994,0.29,4.0002424141084
"cpi",1994,1994,0.3,4.0370031144943
"cpi",1994,1994,0.31,4.07321331960033
"cpi",1994,1994,0.32,4.10891795817923
"cpi",1994,1994,0.33,4.14415850663848
"cpi",1994,1994,0.34,4.17897341679991
"cpi",1994,1994,0.35,4.21339848520725
"cpi",1994,1994,0.36,4.24746717385402
"cpi",1994,1994,0.37,4.28121089035859
"cpi",1994,1994,0.38,4.31465923416003
"cpi",1994,1994,0.39,4.34784021415456
"cpi",1994,1994,0.4,4.38078044227293
"cpi",1994,1994,0.41,4.41350530676121
"cpi",1994,1994,0.42,4.4460391283344
"cpi",1994,1994,0.43,4.47840530189263
"cpi",1994,1994,0.44,4.51062642610212
"cpi",1994,1994,0.45,4.54272442282958
"cpi",1994,1994,0.46,4.57472064816498
"cpi",1994,1994,0.47,4.60663599656442
"cpi",1994,1994,0.48,4.63849099948264
"cpi",1994,1994,0.49,4.67030591973814
"cpi",1994,1994,0.5,4.70210084275758
"cpi",1994,1994,0.51,4.73389576577703
"cpi",1994,1994,0.52,4.76571068603252
"cpi",1994,1994,0.53,4.79756568895074
"cpi",1994,1994,0.54,4.82948103735018
"cpi",1994,1994,0.55,4.86147726268558
"cpi",1994,1994,0.56,4.89357525941304
"cpi",1994,1994,0.57,4.92579638362254
"cpi",1994,1994,0.58,4.95816255718076
"cpi",1994,1994,0.59,4.99069637875396
"cpi",1994,1994,0.6,5.02342124324223
"cpi",1994,1994,0.61,5.0563614713606
"cpi",1994,1994,0.62,5.08954245135514
"cpi",1994,1994,0.63,5.12299079515658
"cpi",1994,1994,0.64,5.15673451166115
"cpi",1994,1994,0.65,5.19080320030791
"cpi",1994,1994,0.66,5.22522826871526
"cpi",1994,1994,0.67,5.26004317887668
"cpi",1994,1994,0.68,5.29528372733594
"cpi",1994,1994,0.69,5.33098836591483
"cpi",1994,1994,0.7,5.36719857102087
"cpi",1994,1994,0.71,5.40395927140677
"cpi",1994,1994,0.72,5.4413193466103
"cpi",1994,1994,0.73,5.47933221133617
"cpi",1994,1994,0.74,5.51805650497806
"cpi",1994,1994,0.75,5.55755691063149
"cpi",1994,1994,0.76,5.59790513475875
"cpi",1994,1994,0.77,5.63918108775948
"cpi",1994,1994,0.78,5.68147431797604
"cpi",1994,1994,0.79,5.72488576843458
"cpi",1994,1994,0.8,5.76952994883691
"cpi",1994,1994,0.81,5.81553764790884
"cpi",1994,1994,0.82,5.8630593576756
"cpi",1994,1994,0.83,5.91226964861574
"cpi",1994,1994,0.84,5.96337283419928
"cpi",1994,1994,0.85,6.01661041348395
"cpi",1994,1994,0.86,6.07227101224204
"cpi",1994,1994,0.87,6.13070391026967
"cpi",1994,1994,0.88,6.19233784139608
"cpi",1994,1994,0.89,6.25770776250436
"cpi",1994,1994,0.9,6.32749405699061
"cpi",1994,1994,0.91,6.40258187863597
"cpi",1994,1994,0.92,6.48415459778427
"cpi",1994,1994,0.93,6.57384817413324
"cpi",1994,1994,0.94,6.67402184716329
"cpi",1994,1994,0.95,6.78827044804956
"cpi",1994,1994,0.96,6.92249784976863
"cpi",1994,1994,0.97,7.08751337726047
"cpi",1994,1994,0.98,7.30687277143208
"cpi",1994,1994,0.99,7.65261032678646
"cpi",1994,1995,0.01,-2.85699428361846
"cpi",1994,1995,0.02,-1.75131178100632
"cpi",1994,1995,0.03,-1.04979168241437
"cpi",1994,1995,0.04,-0.522065438674302
"cpi",1994,1995,0.05,-0.0928008501058661
"cpi",1994,1995,0.06,0.272570735918086
"cpi",1994,1995,0.07,0.592930140837758
"cpi",1994,1995,0.08,0.879773778243912
"cpi",1994,1995,0.09,1.14064659016717
"cpi",1994,1995,0.1,1.38078044102244
"cpi",1994,1995,0.11,1.60395979640514
"cpi",1994,1995,0.12,1.8130154134395
"cpi",1994,1995,0.13,2.01012318538465
"cpi",1994,1995,0.14,2.1969939257063
"cpi",1994,1995,0.15,2.37499874230384
"cpi",1994,1995,0.16,2.54525464590721
"cpi",1994,1995,0.17,2.70868467325715
"cpi",1994,1995,0.18,2.86606114797997
"cpi",1994,1995,0.19,3.0180374727083
"cpi",1994,1995,0.2,3.16517193080076
"cpi",1994,1995,0.21,3.30794580176111
"cpi",1994,1995,0.22,3.44677735315512
"cpi",1994,1995,0.23,3.58203279158001
"cpi",1994,1995,0.24,3.71403493686262
"cpi",1994,1995,0.25,3.84307016817631
"cpi",1994,1995,0.26,3.96939404216885
"cpi",1994,1995,0.27,4.09323587896892
"cpi",1994,1995,0.28,4.21480253769792
"cpi",1994,1995,0.29,4.33428154947746
"cpi",1994,1995,0.3,4.45184373666536
"cpi",1994,1995,0.31,4.56764541797447
"cpi",1994,1995,0.32,4.6818302773494
"cpi",1994,1995,0.33,4.79453095799694
"cpi",1994,1995,0.34,4.90587043037807
"cpi",1994,1995,0.35,5.01596317326859
"cpi",1994,1995,0.36,5.12491619945939
"cpi",1994,1995,0.37,5.23282995176775
"cpi",1994,1995,0.38,5.33979909038127
"cpi",1994,1995,0.39,5.44591318886814
"cpi",1994,1995,0.4,5.55125735324507
"cpi",1994,1995,0.41,5.65591277613644
"cpi",1994,1995,0.42,5.75995723615963
"cpi",1994,1995,0.43,5.86346555113905
"cpi",1994,1995,0.44,5.96650999251139
"cpi",1994,1995,0.45,6.06916066728139
"cpi",1994,1995,0.46,6.17148587307723
"cpi",1994,1995,0.47,6.27355243120354
"cpi",1994,1995,0.48,6.37542600207215
"cpi",1994,1995,0.49,6.47717138698541
"cpi",1994,1995,0.5,6.57885281993957
"cpi",1994,1995,0.51,6.68053425289372
"cpi",1994,1995,0.52,6.78227963780699
"cpi",1994,1995,0.53,6.88415320867559
"cpi",1994,1995,0.54,6.98621976680191
"cpi",1994,1995,0.55,7.08854497259775
"cpi",1994,1995,0.56,7.19119564736774
"cpi",1994,1995,0.57,7.29424008874008
"cpi",1994,1995,0.58,7.3977484037195
"cpi",1994,1995,0.59,7.5017928637427
"cpi",1994,1995,0.6,7.60644828663407
"cpi",1994,1995,0.61,7.711792451011
"cpi",1994,1995,0.62,7.81790654949787
"cpi",1994,1995,0.63,7.92487568811139
"cpi",1994,1995,0.64,8.03278944041974
"cpi",1994,1995,0.65,8.14174246661055
"cpi",1994,1995,0.66,8.25183520950107
"cpi",1994,1995,0.67,8.3631746818822
"cpi",1994,1995,0.68,8.47587536252974
"cpi",1994,1995,0.69,8.59006022190467
"cpi",1994,1995,0.7,8.70586190321378
"cpi",1994,1995,0.71,8.82342409040167
"cpi",1994,1995,0.72,8.94290310218121
"cpi",1994,1995,0.73,9.06446976091022
"cpi",1994,1995,0.74,9.18831159771029
"cpi",1994,1995,0.75,9.31463547170283
"cpi",1994,1995,0.76,9.44367070301652
"cpi",1994,1995,0.77,9.57567284829913
"cpi",1994,1995,0.78,9.71092828672401
"cpi",1994,1995,0.79,9.84975983811802
"cpi",1994,1995,0.8,9.99253370907838
"cpi",1994,1995,0.81,10.1396681671708
"cpi",1994,1995,0.82,10.2916444918992
"cpi",1994,1995,0.83,10.449020966622
"cpi",1994,1995,0.84,10.6124509939719
"cpi",1994,1995,0.85,10.7827068975753
"cpi",1994,1995,0.86,10.9607117141728
"cpi",1994,1995,0.87,11.1475824544945
"cpi",1994,1995,0.88,11.3446902264396
"cpi",1994,1995,0.89,11.553745843474
"cpi",1994,1995,0.9,11.7769251988567
"cpi",1994,1995,0.91,12.017059049712
"cpi",1994,1995,0.92,12.2779318616352
"cpi",1994,1995,0.93,12.5647754990414
"cpi",1994,1995,0.94,12.8851349039611
"cpi",1994,1995,0.95,13.250506489985
"cpi",1994,1995,0.96,13.6797710785534
"cpi",1994,1995,0.97,14.2074973222935
"cpi",1994,1995,0.98,14.9090174208855
"cpi",1994,1995,0.99,16.0146999234976
"gdp",1994,1994,0.01,-0.449013267902723
"gdp",1994,1994,0.02,-0.134945135867496
"gdp",1994,1994,0.03,0.0643210245623109
"gdp",1994,1994,0.04,0.214221195005318
"gdp",1994,1994,0.05,0.336153419818548
"gdp",1994,1994,0.06,0.439936894052963
"gdp",1994,1994,0.07,0.530934698255652
"gdp",1994,1994,0.08,0.612412378488006
"gdp",1994,1994,0.09,0.686513068827188
"gdp",1994,1994,0.1,0.754722875709694
"gdp",1994,1994,0.11,0.818116773223924
"gdp",1994,1994,0.12,0.877498835414777
"gdp",1994,1994,0.13,0.933487122828379
"gdp",1994,1994,0.14,0.986567590508934
"gdp",1994,1994,0.15,1.0371297004365
"gdp",1994,1994,0.16,1.08549073851602
"gdp",1994,1994,0.17,1.13191289251321
"gdp",1994,1994,0.18,1.17661554026762
"gdp",1994,1994,0.19,1.21978428021624
"gdp",1994,1994,0.2,1.26157769225084
"gdp",1994,1994,0.21,1.30213248338665
"gdp",1994,1994,0.22,1.34156746215394
"gdp",1994,1994,0.23,1.37998664921112
"gdp",1994,1994,0.24,1.41748174124306
"gdp",1994,1994,0.25,1.4541340839994
"gdp",1994,1994,0.26,1.49001626811877
"gdp",1994,1994,0.27,1.52519343177987
"gdp",1994,1994,0.28,1.55972433313228
"gdp",1994,1994,0.29,1.59366224022438
"gdp",1994,1994,0.3,1.62705567499508
"gdp",1994,1994,0.31,1.6599490396358
"gdp",1994,1994,0.32,1.6923831474433
"gdp",1994,1994,0.33,1.72439567560256
"gdp",1994,1994,0.34,1.75602155376372
"gdp",1994,1994,0.35,1.78729329952127
"gdp",1994,1994,0.36,1.81824130976335
"gdp",1994,1994,0.37,1.84889411518292
"gdp",1994,1994,0.38,1.87927860392214
"gdp",1994,1994,0.39,1.90942021927342
"gdp",1994,1994,0.4,1.93934313552515
"gdp",1994,1994,0.41,1.96907041537013
"gdp",1994,1994,0.42,1.99862415175549
"gdp",1994,1994,0.43,2.02802559661773
"gdp",1994,1994,0.44,2.05729527859422
"gdp",1994,1994,0.45,2.08645311151733
"gdp",1994,1994,0.46,2.11551849526763
"gdp",1994,1994,0.47,2.14451041037732
"gdp",1994,1994,0.48,2.173447507628
"gdp",1994,1994,0.49,2.20234819377201
"gdp",1994,1994,0.5,2.23123071441887
"gdp",1994,1994,0.51,2.26011323506574
"gdp",1994,1994,0.52,2.28901392120975
"gdp",1994,1994,0.53,2.31795101846043
"gdp",1994,1994,0.54,2.34694293357011
"gdp",1994,1994,0.55,2.37600831732042
"gdp",1994,1994,0.56,2.40516615024353
"gdp",1994,1994,0.57,2.43443583222001
"gdp",1994,1994,0.58,2.46383727708226
"gdp",1994,1994,0.59,2.49339101346761
"gdp",1994,1994,0.6,2.5231182933126
"gdp",1994,1994,0.61,2.55304120956433
"gdp",1994,1994,0.62,2.58318282491561
"gdp",1994,1994,0.63,2.61356731365483
"gdp",1994,1994,0.64,2.6442201190744
"gdp",1994,1994,0.65,2.67516812931648
"gdp",1994,1994,0.66,2.70643987507403
"gdp",1994,1994,0.67,2.73806575323518
"gdp",1994,1994,0.68,2.77007828139444
"gdp",1994,1994,0.69,2.80251238920194
"gdp",1994,1994,0.7,2.83540575384267
"gdp",1994,1994,0.71,2.86879918861337
"gdp",1994,1994,0.72,2.90273709570547
"gdp",1994,1994,0.73,2.93726799705788
"gdp",1994,1994,0.74,2.97244516071898
"gdp",1994,1994,0.75,3.00832734483835
"gdp",1994,1994,0.76,3.04497968759469
"gdp",1994,1994,0.77,3.08247477962663
"gdp",1994,1994,0.78,3.12089396668381
"gdp",1994,1994,0.79,3.1603289454511
"gdp",1994,1994,0.8,3.20088373658691
"gdp",1994,1994,0.81,3.24267714862151
"gdp",1994,1994,0.82,3.28584588857013
"gdp",1994,1994,0.83,3.33054853632454
"gdp",1994,1994,0.84,3.37697069032173
"gdp",1994,1994,0.85,3.42533172840125
"gdp",1994,1994,0.86,3.47589383832881
"gdp",1994,1994,0.87,3.52897430600937
"gdp",1994,1994,0.88,3.58496259342297
"gdp",1994,1994,0.89,3.64434465561382
"gdp",1994,1994,0.9,3.70773855312805
"gdp",1994,1994,0.91,3.77594836001056
"gdp",1994,1994,0.92,3.85004905034974
"gdp",1994,1994,0.93,3.9315267305821
"gdp",1994,1994,0.94,4.02252453478479
"gdp",1994,1994,0.95,4.1263080090192
"gdp",1994,1994,0.96,4.24824023383243
"gdp",1994,1994,0.97,4.39814040427544
"gdp",1994,1994,0.98,4.59740656470524
"gdp",1994,1994,0.99,4.91147469674047
"gdp",1994,1995,0.01,-1.83019687647296
"gdp",1994,1995,0.02,-1.20494180958521
"gdp",1994,1995,0.03,-0.808237515963885
"gdp",1994,1995,0.04,-0.509812328761782
"gdp",1994,1995,0.05,-0.267066460572845
"gdp",1994,1995,0.06,-0.0604516005939795
"gdp",1994,1995,0.07,0.120709212458549
"gdp",1994,1995,0.08,0.282917113251951
"gdp",1994,1995,0.09,0.430438709264301
"gdp",1994,1995,0.1,0.566232580130316
"gdp",1994,1995,0.11,0.692438812433086
"gdp",1994,1995,0.12,0.810658177850618
"gdp",1994,1995,0.13,0.922121127513387
"gdp",1994,1995,0.14,1.02779511345704
"gdp",1994,1995,0.15,1.12845548679667
"gdp",1994,1995,0.16,1.22473390862578
"gdp",1994,1995,0.17,1.31715234921858
"gdp",1994,1995,0.18,1.40614755172645
"gdp",1994,1995,0.19,1.49208901038106
"gdp",1994,1995,0.2,1.57529243018625
"gdp",1994,1995,0.21,1.65602997105014
"gdp",1994,1995,0.22,1.73453816010796
"gdp",1994,1995,0.23,1.81102408441217
"gdp",1994,1995,0.24,1.88567029612576
"gdp",1994,1995,0.25,1.95863874049864
"gdp",1994,1995,0.26,2.03007393287632
"gdp",1994,1995,0.27,2.1001055520518
"gdp",1994,1995,0.28,2.1688505752889
"gdp",1994,1995,0.29,2.23641505001416
"gdp",1994,1995,0.3,2.30289557497497
"gdp",1994,1995,0.31,2.36838054721753
"gdp",1994,1995,0.32,2.43295121892244
"gdp",1994,1995,0.33,2.49668259881685
"gdp",1994,1995,0.34,2.55964422576351
"gdp",1994,1995,0.35,2.62190083664163
"gdp",1994,1995,0.36,2.6835129463726
"gdp",1994,1995,0.37,2.74453735460757
"gdp",1994,1995,0.38,2.80502759096449
"gdp",1994,1995,0.39,2.86503430861662
"gdp",1994,1995,0.4,2.92460563437073
"gdp",1994,1995,0.41,2.98378748203995
"gdp",1994,1995,0.42,3.04262383484232
"gdp",1994,1995,0.43,3.10115700168995
"gdp",1994,1995,0.44,3.15942785153198
"gdp",1994,1995,0.45,3.21747602934772
"gdp",1994,1995,0.46,3.27534015692778
"gdp",1994,1995,0.47,3.33305802121296
"gdp",1994,1995,0.48,3.39066675266802
"gdp",1994,1995,0.49,3.44820299593783
"gdp",1994,1995,0.5,3.50570307485994
"gdp",1994,1995,0.51,3.56320315378205
"gdp",1994,1995,0.52,3.62073939705186
"gdp",1994,1995,0.53,3.67834812850692
"gdp",1994,1995,0.54,3.7360659927921
"gdp",1994,1995,0.55,3.79393012037216
"gdp",1994,1995,0.56,3.8519782981879
"gdp",1994,1995,0.57,3.91024914802993
"gdp",1994,1995,0.58,3.96878231487756
"gdp",1994,1995,0.59,4.02761866767993
"gdp",1994,1995,0.6,4.08680051534915
"gdp",1994,1995,0.61,4.14637184110326
"gdp",1994,1995,0.62,4.20637855875539
"gdp",1994,1995,0.63,4.26686879511231
"gdp",1994,1995,0.64,4.32789320334728
"gdp",1994,1995,0.65,4.38950531307825
"gdp",1994,1995,0.66,4.45176192395637
"gdp",1994,1995,0.67,4.51472355090303
"gdp",1994,1995,0.68,4.57845493079744
"gdp",1994,1995,0.69,4.64302560250235
"gdp",1994,1995,0.7,4.70851057474491
"gdp",1994,1995,0.71,4.77499109970572
"gdp",1994,1995,0.72,4.84255557443098
"gdp",1994,1995,0.73,4.91130059766808
"gdp",1994,1995,0.74,4.98133221684356
"gdp",1994,1995,0.75,5.05276740922124
"gdp",1994,1995,0.76,5.12573585359412
"gdp",1994,1995,0.77,5.20038206530771
"gdp",1994,1995,0.78,5.27686798961192
"gdp",1994,1995,0.79,5.35537617866974
"gdp",1994,1995,0.8,5.43611371953363
"gdp",1994,1995,0.81,5.51931713933882
"gdp",1994,1995,0.82,5.60525859799343
"gdp",1994,1995,0.83,5.6942538005013
"gdp",1994,1995,0.84,5.7866722410941
"gdp",1994,1995,0.85,5.88295066292321
"gdp",1994,1995,0.86,5.98361103626284
"gdp",1994,1995,0.87,6.08928502220649
"gdp",1994,1995,0.88,6.20074797186926
"gdp",1994,1995,0.89,6.31896733728679
"gdp",1994,1995,0.9,6.44517356958956
"gdp",1994,1995,0.91,6.58096744045558
"gdp",1994,1995,0.92,6.72848903646793
"gdp",1994,1995,0.93,6.89069693726133
"gdp",1994,1995,0.94,7.07185775031386
"gdp",1994,1995,0.95,7.27847261029273
"gdp",1994,1995,0.96,7.52121847848167
"gdp",1994,1995,0.97,7.81964366568376
"gdp",1994,1995,0.98,8.21634795930509
"gdp",1994,1995,0.99,8.84160302619284
"cpi",1995,1995,0.01,2.47740396416927
"cpi",1995,1995,0.02,2.81903784807495
"cpi",1995,1995,0.03,3.03579359428027
"cpi",1995,1995,0.04,3.19885049882741
"cpi",1995,1995,0.05,3.33148471187622
"cpi",1995,1995,0.06,3.44437725897473
"cpi",1995,1995,0.07,3.5433619381117
"cpi",1995,1995,0.08,3.63199091224232
"cpi",1995,1995,0.09,3.7125954182666
"cpi",1995,1995,0.1,3.78679199814473
"cpi",1995,1995,0.11,3.8557499764132
"cpi",1995,1995,0.12,3.92034400067515
"cpi",1995,1995,0.13,3.98124637863494
"cpi",1995,1995,0.14,4.03898571759852
"cpi",1995,1995,0.15,4.0939856626139
"cpi",1995,1995,0.16,4.14659134776174
"cpi",1995,1995,0.17,4.19708797302122
"cpi",1995,1995,0.18,4.24571417101922
"cpi",1995,1995,0.19,4.29267183016277
"cpi",1995,1995,0.2,4.33813344889665
"cpi",1995,1995,0.21,4.38224773300733
"cpi",1995,1995,0.22,4.4251439188467
"cpi",1995,1995,0.23,4.46693515696369
"cpi",1995,1995,0.24,4.50772119225885
"cpi",1995,1995,0.25,4.54759051019616
"cpi",1995,1995,0.26,4.58662207269274
"cpi",1995,1995,0.27,4.62488673510357
"cpi",1995,1995,0.28,4.6624484127795
"cpi",1995,1995,0.29,4.69936504910414
"cpi",1995,1995,0.3,4.73568942478574
"cpi",1995,1995,0.31,4.77146983919491
"cpi",1995,1995,0.32,4.80675068781042
"cpi",1995,1995,0.33,4.84157295474282
"cpi",1995,1995,0.34,4.87597463541671
"cpi",1995,1995,0.35,4.90999110149505
"cpi",1995,1995,0.36,4.94365541780005
"cpi",1995,1995,0.37,4.97699861916286
"cpi",1995,1995,0.38,5.01004995369719
"cpi",1995,1995,0.39,5.04283709785256
"cpi",1995,1995,0.4,5.07538634769405
"cpi",1995,1995,0.41,5.1077227901264
"cpi",1995,1995,0.42,5.13987045719413
"cpi",1995,1995,0.43,5.17185246611569
"cpi",1995,1995,0.44,5.20369114732639
"cpi",1995,1995,0.45,5.23540816249518
"cpi",1995,1995,0.46,5.26702461422965
"cpi",1995,1995,0.47,5.2985611489828
"cpi",1995,1995,0.48,5.33003805451486
"cpi",1995,1995,0.49,5.36147535313836
"cpi",1995,1995,0.5,5.39289289187951
"cpi",1995,1995,0.51,5.42431043062065
"cpi",1995,1995,0.52,5.45574772924415
"cpi",1995,1995,0.53,5.48722463477622
"cpi",1995,1995,0.54,5.51876116952937
"cpi",1995,1995,0.55,5.55037762126383
"cpi",1995,1995,0.56,5.58209463643262
"cpi",1995,1995,0.57,5.61393331764333
"cpi",1995,1995,0.58,5.64591532656488
"cpi",1995,1995,0.59,5.67806299363262
"cpi",1995,1995,0.6,5.71039943606496
"cpi",1995,1995,0.61,5.74294868590645
"cpi",1995,1995,0.62,5.77573583006183
"cpi",1995,1995,0.63,5.80878716459615
"cpi",1995,1995,0.64,5.84213036595897
"cpi",1995,1995,0.65,5.87579468226397
"cpi",1995,1995,0.66,5.90981114834231
"cpi",1995,1995,0.67,5.9442128290162
"cpi",1995,1995,0.68,5.97903509594859
"cpi",1995,1995,0.69,6.0143159445641
"cpi",1995,1995,0.7,6.05009635897328
"cpi",1995,1995,0.71,6.08642073465487
"cpi",1995,1995,0.72,6.12333737097952
"cpi",1995,1995,0.73,6.16089904865544
"cpi",1995,1995,0.74,6.19916371106627
"cpi",1995,1995,0.75,6.23819527356286
"cpi",1995,1995,0.76,6.27806459150017
"cpi",1995,1995,0.77,6.31885062679532
"cpi",1995,1995,0.78,6.36064186491232
"cpi",1995,1995,0.79,6.40353805075169
"cpi",1995,1995,0.8,6.44765233486236
"cpi",1995,1995,0.81,6.49311395359625
"cpi",1995,1995,0.82,6.5400716127398
"cpi",1995,1995,0.83,6.5886978107378
"cpi",1995,1995,0.84,6.63919443599728
"cpi",1995,1995,0.85,6.69180012114512
"cpi",1995,1995,0.86,6.7468000661605
"cpi",1995,1995,0.87,6.80453940512407
"cpi",1995,1995,0.88,6.86544178308386
"cpi",1995,1995,0.89,6.93003580734582
"cpi",1995,1995,0.9,6.99899378561429
"cpi",1995,1995,0.91,7.07319036549242
"cpi",1995,1995,0.92,7.15379487151669
"cpi",1995,1995,0.93,7.24242384564732
"cpi",1995,1995,0.94,7.34140852478428
"cpi",1995,1995,0.95,7.45430107188279
"cpi",1995,1995,0.96,7.58693528493161
"cpi",1995,1995,0.97,7.74999218947875
"cpi",1995,1995,0.98,7.96674793568407
"cpi",1995,1995,0.99,8.30838181958974
"cpi",1995,1996,0.01,-2.11582722061325
"cpi",1995,1996,0.02,-1.02093552036215
"cpi",1995,1996,0.03,-0.326261839904083
"cpi",1995,1996,0.04,0.196314110163545
"cpi",1995,1996,0.05,0.621389332141761
"cpi",1995,1996,0.06,0.983195109207165
"cpi",1995,1996,0.07,1.30042799723359
"cpi",1995,1996,0.08,1.58447221166573
"cpi",1995,1996,0.09,1.84279906039596
"cpi",1995,1996,0.1,2.08058934796009
"cpi",1995,1996,0.11,2.30159060582447
"cpi",1995,1996,0.12,2.50860596461059
"cpi",1995,1996,0.13,2.70379008215598
"cpi",1995,1996,0.14,2.88883707540638
"cpi",1995,1996,0.15,3.06510467106511
"cpi",1995,1996,0.16,3.23369897850299
"cpi",1995,1996,0.17,3.39553402617221
"cpi",1995,1996,0.18,3.55137460028071
"cpi",1995,1996,0.19,3.70186772664077
"cpi",1995,1996,0.2,3.84756624009811
"cpi",1995,1996,0.21,3.98894672315532
"cpi",1995,1996,0.22,4.12642336133597
"cpi",1995,1996,0.23,4.26035878727911
"cpi",1995,1996,0.24,4.39107267028243
"cpi",1995,1996,0.25,4.51884859462923
"cpi",1995,1996,0.26,4.64393962288666
"cpi",1995,1996,0.27,4.76657283715559
"cpi",1995,1996,0.28,4.88695307773568
"cpi",1995,1996,0.29,5.00526604555653
"cpi",1995,1996,0.3,5.12168089585153
"cpi",1995,1996,0.31,5.23635242175606
"cpi",1995,1996,0.32,5.34942290494503
"cpi",1995,1996,0.33,5.46102369410659
"cpi",1995,1996,0.34,5.57127655958329
"cpi",1995,1996,0.35,5.68029486290629
"cpi",1995,1996,0.36,5.78818457248542
"cpi",1995,1996,0.37,5.89504515087591
"cpi",1995,1996,0.38,6.00097033443833
"cpi",1995,1996,0.39,6.10604882255624
"cpi",1995,1996,0.4,6.21036489066232
"cpi",1995,1996,0.41,6.31399893898932
"cpi",1995,1996,0.42,6.41702798708168
"cpi",1995,1996,0.43,6.5195261225864
"cpi",1995,1996,0.44,6.62156491161404
"cpi",1995,1996,0.45,6.72321377696673
"cpi",1995,1996,0.46,6.8245403497285
"cpi",1995,1996,0.47,6.92561079906788
"cpi",1995,1996,0.48,7.02649014459019
"cpi",1995,1996,0.49,7.12724255517569
"cpi",1995,1996,0.5,7.2279316379351
"cpi",1995,1996,0.51,7.3286207206945
"cpi",1995,1996,0.52,7.42937313128001
"cpi",1995,1996,0.53,7.53025247680232
"cpi",1995,1996,0.54,7.6313229261417
"cpi",1995,1996,0.55,7.73264949890347
"cpi",1995,1996,0.56,7.83429836425616
"cpi",1995,1996,0.57,7.93633715328379
"cpi",1995,1996,0.58,8.03883528878852
"cpi",1995,1996,0.59,8.14186433688088
"cpi",1995,1996,0.6,8.24549838520788
"cpi",1995,1996,0.61,8.34981445331396
"cpi",1995,1996,0.62,8.45489294143186
"cpi",1995,1996,0.63,8.56081812499429
"cpi",1995,1996,0.64,8.66767870338477
"cpi",1995,1996,0.65,8.77556841296391
"cpi",1995,1996,0.66,8.88458671628691
"cpi",1995,1996,0.67,8.99483958176361
"cpi",1995,1996,0.68,9.10644037092517
"cpi",1995,1996,0.69,9.21951085411414
"cpi",1995,1996,0.7,9.33418238001867
"cpi",1995,1996,0.71,9.45059723031367
"cpi",1995,1996,0.72,9.56891019813451
"cpi",1995,1996,0.73,9.68929043871461
"cpi",1995,1996,0.74,9.81192365298354
"cpi",1995,1996,0.75,9.93701468124097
"cpi",1995,1996,0.76,10.0647906055878
"cpi",1995,1996,0.77,10.1955044885911
"cpi",1995,1996,0.78,10.3294399145342
"cpi",1995,1996,0.79,10.4669165527149
"cpi",1995,1996,0.8,10.6082970357721
"cpi",1995,1996,0.81,10.7539955492294
"cpi",1995,1996,0.82,10.9044886755895
"cpi",1995,1996,0.83,11.060329249698
"cpi",1995,1996,0.84,11.2221642973672
"cpi",1995,1996,0.85,11.3907586048051
"cpi",1995,1996,0.86,11.5670262004638
"cpi",1995,1996,0.87,11.7520731937142
"cpi",1995,1996,0.88,11.9472573112596
"cpi",1995,1996,0.89,12.1542726700457
"cpi",1995,1996,0.9,12.3752739279101
"cpi",1995,1996,0.91,12.6130642154742
"cpi",1995,1996,0.92,12.8713910642045
"cpi",1995,1996,0.93,13.1554352786366
"cpi",1995,1996,0.94,13.472668166663
"cpi",1995,1996,0.95,13.8344739437284
"cpi",1995,1996,0.96,14.2595491657067
"cpi",1995,1996,0.97,14.7821251157743
"cpi",1995,1996,0.98,15.4767987962323
"cpi",1995,1996,0.99,16.5716904964834
"gdp",1995,1995,0.01,1.09373188012907
"gdp",1995,1995,0.02,1.40326830641186
"gdp",1995,1995,0.03,1.59965924483288
"gdp",1995,1995,0.04,1.74739649775769
"gdp",1995,1995,0.05,1.86756935602515
"gdp",1995,1995,0.06,1.9698553329995
"gdp",1995,1995,0.07,2.05954012505387
"gdp",1995,1995,0.08,2.13984215951213
"gdp",1995,1995,0.09,2.21287364705606
"gdp",1995,1995,0.1,2.28009925101349
"gdp",1995,1995,0.11,2.34257843461462
"gdp",1995,1995,0.12,2.40110366987726
"gdp",1995,1995,0.13,2.4562840993191
"gdp",1995,1995,0.14,2.50859866611321
"gdp",1995,1995,0.15,2.55843121267206
"gdp",1995,1995,0.16,2.60609444676542
"gdp",1995,1995,0.17,2.65184677303782
"gdp",1995,1995,0.18,2.69590440391432
"gdp",1995,1995,0.19,2.7384502598222
"gdp",1995,1995,0.2,2.77964063249555
"gdp",1995,1995,0.21,2.81961025639682
"gdp",1995,1995,0.22,2.85847622576169
"gdp",1995,1995,0.23,2.89634106032898
"gdp",1995,1995,0.24,2.93329513368721
"gdp",1995,1995,0.25,2.96941861784388
"gdp",1995,1995,0.26,3.00478305602344
"gdp",1995,1995,0.27,3.03945264652236
"gdp",1995,1995,0.28,3.07348529966575
"gdp",1995,1995,0.29,3.10693351489451
"gdp",1995,1995,0.3,3.13984511402189
"gdp",1995,1995,0.31,3.17226385855775
"gdp",1995,1995,0.32,3.20422997290162
"gdp",1995,1995,0.33,3.23578059059238
"gdp",1995,1995,0.34,3.26695013727839
"gdp",1995,1995,0.35,3.29777066135604
"gdp",1995,1995,0.36,3.32827212111517
"gdp",1995,1995,0.37,3.35848263557785
"gdp",1995,1995,0.38,3.3884287049158
"gdp",1995,1995,0.39,3.41813540529882
"gdp",1995,1995,0.4,3.44762656220322
"gdp",1995,1995,0.41,3.47692490554896
"gdp",1995,1995,0.42,3.50605220950286
"gdp",1995,1995,0.43,3.53502941935614
"gdp",1995,1995,0.44,3.56387676753732
"gdp",1995,1995,0.45,3.59261388054106
"gdp",1995,1995,0.46,3.62125987832602
"gdp",1995,1995,0.47,3.64983346755328
"gdp",1995,1995,0.48,3.67835302989133
"gdp",1995,1995,0.49,3.70683670650049
"gdp",1995,1995,0.5,3.73530247972344
"gdp",1995,1995,0.51,3.76376825294639
"gdp",1995,1995,0.52,3.79225192955556
"gdp",1995,1995,0.53,3.82077149189361
"gdp",1995,1995,0.54,3.84934508112086
"gdp",1995,1995,0.55,3.87799107890582
"gdp",1995,1995,0.56,3.90672819190956
"gdp",1995,1995,0.57,3.93557554009075
"gdp",1995,1995,0.58,3.96455274994402
"gdp",1995,1995,0.59,3.99368005389793
"gdp",1995,1995,0.6,4.02297839724367
"gdp",1995,1995,0.61,4.05246955414807
"gdp",1995,1995,0.62,4.08217625453109
"gdp",1995,1995,0.63,4.11212232386904
"gdp",1995,1995,0.64,4.14233283833171
"gdp",1995,1995,0.65,4.17283429809084
"gdp",1995,1995,0.66,4.2036548221685
"gdp",1995,1995,0.67,4.2348243688545
"gdp",1995,1995,0.68,4.26637498654526
"gdp",1995,1995,0.69,4.29834110088913
"gdp",1995,1995,0.7,4.330759845425
"gdp",1995,1995,0.71,4.36367144455238
"gdp",1995,1995,0.72,4.39711965978113
"gdp",1995,1995,0.73,4.43115231292453
"gdp",1995,1995,0.74,4.46582190342345
"gdp",1995,1995,0.75,4.50118634160301
"gdp",1995,1995,0.76,4.53730982575968
"gdp",1995,1995,0.77,4.57426389911791
"gdp",1995,1995,0.78,4.61212873368519
"gdp",1995,1995,0.79,4.65099470305006
"gdp",1995,1995,0.8,4.69096432695134
"gdp",1995,1995,0.81,4.73215469962469
"gdp",1995,1995,0.82,4.77470055553257
"gdp",1995,1995,0.83,4.81875818640906
"gdp",1995,1995,0.84,4.86451051268147
"gdp",1995,1995,0.85,4.91217374677483
"gdp",1995,1995,0.86,4.96200629333368
"gdp",1995,1995,0.87,5.01432086012779
"gdp",1995,1995,0.88,5.06950128956963
"gdp",1995,1995,0.89,5.12802652483226
"gdp",1995,1995,0.9,5.19050570843339
"gdp",1995,1995,0.91,5.25773131239082
"gdp",1995,1995,0.92,5.33076279993476
"gdp",1995,1995,0.93,5.41106483439302
"gdp",1995,1995,0.94,5.50074962644738
"gdp",1995,1995,0.95,5.60303560342174
"gdp",1995,1995,0.96,5.7232084616892
"gdp",1995,1995,0.97,5.870945714614
"gdp",1995,1995,0.98,6.06733665303503
"gdp",1995,1995,0.99,6.37687307931782
"gdp",1995,1996,0.01,-1.69025316189831
"gdp",1995,1996,0.02,-1.07402768464646
"gdp",1995,1996,0.03,-0.683052376151205
"gdp",1995,1996,0.04,-0.388936881297321
"gdp",1995,1996,0.05,-0.149696615368382
"gdp",1995,1996,0.06,0.0539344264903461
"gdp",1995,1996,0.07,0.232479014762622
"gdp",1995,1996,0.08,0.392344398305975
"gdp",1995,1996,0.09,0.537735568600938
"gdp",1995,1996,0.1,0.67156837910307
"gdp",1995,1996,0.11,0.79595201044259
"gdp",1995,1996,0.12,0.912464116833738
"gdp",1995,1996,0.13,1.02231737990881
"gdp",1995,1996,0.14,1.12646528029347
"gdp",1995,1996,0.15,1.22567197190865
"gdp",1995,1996,0.16,1.32055999374591
"gdp",1995,1996,0.17,1.41164377807195
"gdp",1995,1996,0.18,1.49935376083388
"gdp",1995,1996,0.19,1.584054100231
"gdp",1995,1996,0.2,1.66605594202918
"gdp",1995,1996,0.21,1.74562751575291
"gdp",1995,1996,0.22,1.82300193274266
"gdp",1995,1996,0.23,1.89838328941366
"gdp",1995,1996,0.24,1.97195150161098
"gdp",1995,1996,0.25,2.04386617586036
"gdp",1995,1996,0.26,2.11426974049618
"gdp",1995,1996,0.27,2.1832900015617
"gdp",1995,1996,0.28,2.25104224699945
"gdp",1995,1996,0.29,2.31763099275737
"gdp",1995,1996,0.3,2.38315144255692
"gdp",1995,1996,0.31,2.44769071686278
"gdp",1995,1996,0.32,2.51132889445627
"gdp",1995,1996,0.33,2.57413990082977
"gdp",1995,1996,0.34,2.63619227060404
"gdp",1995,1996,0.35,2.69754980576391
"gdp",1995,1996,0.36,2.75827214730757
"gdp",1995,1996,0.37,2.81841527461686
"gdp",1995,1996,0.38,2.87803194426444
"gdp",1995,1996,0.39,2.9371720779183
"gdp",1995,1996,0.4,2.99588310736438
"gdp",1995,1996,0.41,3.05421028335375
"gdp",1995,1996,0.42,3.11219695392304
"gdp",1995,1996,0.43,3.16988481698232
"gdp",1995,1996,0.44,3.22731415127386
"gdp",1995,1996,0.45,3.284524029246
"gdp",1995,1996,0.46,3.34155251493467
"gdp",1995,1996,0.47,3.39843684958251
"gdp",1995,1996,0.48,3.4552136274365
"gdp",1995,1996,0.49,3.51191896393973
"gdp",1995,1996,0.5,3.56858865836086
"gdp",1995,1996,0.51,3.62525835278199
"gdp",1995,1996,0.52,3.68196368928522
"gdp",1995,1996,0.53,3.73874046713921
"gdp",1995,1996,0.54,3.79562480178705
"gdp",1995,1996,0.55,3.85265328747572
"gdp",1995,1996,0.56,3.90986316544786
"gdp",1995,1996,0.57,3.9672924997394
"gdp",1995,1996,0.58,4.02498036279868
"gdp",1995,1996,0.59,4.08296703336797
"gdp",1995,1996,0.6,4.14129420935734
"gdp",1995,1996,0.61,4.20000523880342
"gdp",1995,1996,0.62,4.25914537245728
"gdp",1995,1996,0.63,4.31876204210486
"gdp",1995,1996,0.64,4.37890516941415
"gdp",1995,1996,0.65,4.43962751095781
"gdp",1995,1996,0.66,4.50098504611768
"gdp",1995,1996,0.67,4.56303741589195
"gdp",1995,1996,0.68,4.62584842226545
"gdp",1995,1996,0.69,4.68948659985895
"gdp",1995,1996,0.7,4.7540258741648
"gdp",1995,1996,0.71,4.81954632396435
"gdp",1995,1996,0.72,4.88613506972227
"gdp",1995,1996,0.73,4.95388731516002
"gdp",1995,1996,0.74,5.02290757622553
"gdp",1995,1996,0.75,5.09331114086136
"gdp",1995,1996,0.76,5.16522581511074
"gdp",1995,1996,0.77,5.23879402730806
"gdp",1995,1996,0.78,5.31417538397906
"gdp",1995,1996,0.79,5.39154980096881
"gdp",1995,1996,0.8,5.47112137469254
"gdp",1995,1996,0.81,5.55312321649072
"gdp",1995,1996,0.82,5.63782355588784
"gdp",1995,1996,0.83,5.72553353864977
"gdp",1995,1996,0.84,5.81661732297581
"gdp",1995,1996,0.85,5.91150534481307
"gdp",1995,1996,0.86,6.01071203642825
"gdp",1995,1996,0.87,6.11485993681292
"gdp",1995,1996,0.88,6.22471319988798
"gdp",1995,1996,0.89,6.34122530627913
"gdp",1995,1996,0.9,6.46560893761865
"gdp",1995,1996,0.91,6.59944174812078
"gdp",1995,1996,0.92,6.74483291841575
"gdp",1995,1996,0.93,6.9046983019591
"gdp",1995,1996,0.94,7.08324289023138
"gdp",1995,1996,0.95,7.2868739320901
"gdp",1995,1996,0.96,7.52611419801904
"gdp",1995,1996,0.97,7.82022969287292
"gdp",1995,1996,0.98,8.21120500136818
"gdp",1995,1996,0.99,8.82743047862003
"cpi",1996,1996,0.01,2.0213784051289
"cpi",1996,1996,0.02,2.35987032758177
"cpi",1996,1996,0.03,2.5746325999798
"cpi",1996,1996,0.04,2.73618989183383
"cpi",1996,1996,0.05,2.86760428564236
"cpi",1996,1996,0.06,2.97945857498014
"cpi",1996,1996,0.07,3.07753290517071
"cpi",1996,1996,0.08,3.16534677039839
"cpi",1996,1996,0.09,3.24520996748704
"cpi",1996,1996,0.1,3.31872417127518
"cpi",1996,1996,0.11,3.38704795217686
"cpi",1996,1996,0.12,3.45104791377736
"cpi",1996,1996,0.13,3.51139018065641
"cpi",1996,1996,0.14,3.56859849858876
"cpi",1996,1996,0.15,3.62309261641519
"cpi",1996,1996,0.16,3.67521449406407
"cpi",1996,1996,0.17,3.72524670856825
"cpi",1996,1996,0.18,3.77342569788203
"cpi",1996,1996,0.19,3.81995149367158
"cpi",1996,1996,0.2,3.86499500793641
"cpi",1996,1996,0.21,3.90870357883559
"cpi",1996,1996,0.22,3.95120525415147
"cpi",1996,1996,0.23,3.99261214380242
"cpi",1996,1996,0.24,4.03302307534837
"cpi",1996,1996,0.25,4.07252572046425
"cpi",1996,1996,0.26,4.11119831486491
"cpi",1996,1996,0.27,4.14911106225805
"cpi",1996,1996,0.28,4.18632729017351
"cpi",1996,1996,0.29,4.22290440909733
"cpi",1996,1996,0.3,4.25889471432056
"cpi",1996,1996,0.31,4.29434606101094
"cpi",1996,1996,0.32,4.32930243634791
"cpi",1996,1996,0.33,4.36380444751659
"cpi",1996,1996,0.34,4.39788974050272
"cpi",1996,1996,0.35,4.43159336166077
"cpi",1996,1996,0.36,4.46494807172017
"cpi",1996,1996,0.37,4.49798462008886
"cpi",1996,1996,0.38,4.53073198588951
"cpi",1996,1996,0.39,4.56321759103504
"cpi",1996,1996,0.4,4.59546748974909
"cpi",1996,1996,0.41,4.62750653821547
"cpi",1996,1996,0.42,4.65935854745919
"cpi",1996,1996,0.43,4.6910464220927
"cpi",1996,1996,0.44,4.72259228718128
"cpi",1996,1996,0.45,4.75401760517437
"cpi",1996,1996,0.46,4.78534328460168
"cpi",1996,1996,0.47,4.81658978203354
"cpi",1996,1996,0.48,4.84777719864635
"cpi",1996,1996,0.49,4.87892537261006
"cpi",1996,1996,0.5,4.91005396842044
"cpi",1996,1996,0.51,4.94118256423081
"cpi",1996,1996,0.52,4.97233073819452
"cpi",1996,1996,0.53,5.00351815480733
"cpi",1996,1996,0.54,5.03476465223919
"cpi",1996,1996,0.55,5.0660903316665
"cpi",1996,1996,0.56,5.09751564965959
"cpi",1996,1996,0.57,5.12906151474817
"cpi",1996,1996,0.58,5.16074938938168
"cpi",1996,1996,0.59,5.1926013986254
"cpi",1996,1996,0.6,5.22464044709178
"cpi",1996,1996,0.61,5.25689034580583
"cpi",1996,1996,0.62,5.28937595095136
"cpi",1996,1996,0.63,5.32212331675201
"cpi",1996,1996,0.64,5.3551598651207
"cpi",1996,1996,0.65,5.3885145751801
"cpi",1996,1996,0.66,5.42221819633815
"cpi",1996,1996,0.67,5.45630348932428
"cpi",1996,1996,0.68,5.49080550049296
"cpi",1996,1996,0.69,5.52576187582993
"cpi",1996,1996,0.7,5.56121322252031
"cpi",1996,1996,0.71,5.59720352774354
"cpi",1996,1996,0.72,5.63378064666736
"cpi",1996,1996,0.73,5.67099687458282
"cpi",1996,1996,0.74,5.70890962197596
"cpi",1996,1996,0.75,5.74758221637663
"cpi",1996,1996,0.76,5.7870848614925
"cpi",1996,1996,0.77,5.82749579303845
"cpi",1996,1996,0.78,5.8689026826894
"cpi",1996,1996,0.79,5.91140435800528
"cpi",1996,1996,0.8,5.95511292890447
"cpi",1996,1996,0.81,6.00015644316929
"cpi",1996,1996,0.82,6.04668223895885
"cpi",1996,1996,0.83,6.09486122827263
"cpi",1996,1996,0.84,6.1448934427768
"cpi",1996,1996,0.85,6.19701532042568
"cpi",1996,1996,0.86,6.25150943825212
"cpi",1996,1996,0.87,6.30871775618446
"cpi",1996,1996,0.88,6.36906002306351
"cpi",1996,1996,0.89,6.43305998466402
"cpi",1996,1996,0.9,6.50138376556569
"cpi",1996,1996,0.91,6.57489796935383
"cpi",1996,1996,0.92,6.65476116644248
"cpi",1996,1996,0.93,6.74257503167016
"cpi",1996,1996,0.94,6.84064936186073
"cpi",1996,1996,0.95,6.95250365119851
"cpi",1996,1996,0.96,7.08391804500704
"cpi",1996,1996,0.97,7.24547533686108
"cpi",1996,1996,0.98,7.4602376092591
"cpi",1996,1996,0.99,7.79872953171197
"cpi",1996,1997,0.01,-2.834362293297
"cpi",1996,1997,0.02,-1.74792086981766
"cpi",1996,1997,0.03,-1.05860861904672
"cpi",1996,1997,0.04,-0.540065863688051
"cpi",1996,1997,0.05,-0.118271334470322
"cpi",1996,1997,0.06,0.240742057783763
"cpi",1996,1997,0.07,0.555526570592517
"cpi",1996,1997,0.08,0.837378557038264
"cpi",1996,1997,0.09,1.09371166212348
"cpi",1996,1997,0.1,1.32966670539533
"cpi",1996,1997,0.11,1.54896229520557
"cpi",1996,1997,0.12,1.75437992786285
"cpi",1996,1997,0.13,1.94805763174712
"cpi",1996,1997,0.14,2.13167644876019
"cpi",1996,1997,0.15,2.30658362679143
"cpi",1996,1997,0.16,2.47387673835792
"cpi",1996,1997,0.17,2.63446275752153
"cpi",1996,1997,0.18,2.78910056793825
"cpi",1996,1997,0.19,2.9384322017327
"cpi",1996,1997,0.2,3.08300622702042
"cpi",1996,1997,0.21,3.22329554808263
"cpi",1996,1997,0.22,3.35971115379586
"cpi",1996,1997,0.23,3.4926128780327
"cpi",1996,1997,0.24,3.62231792291163
"cpi",1996,1997,0.25,3.74910768403767
"cpi",1996,1997,0.26,3.8732332708636
"cpi",1996,1997,0.27,3.9949200128908
"cpi",1996,1997,0.28,4.11437116947974
"cpi",1996,1997,0.29,4.23177100833674
"cpi",1996,1997,0.3,4.34728737917016
"cpi",1996,1997,0.31,4.46107388043571
"cpi",1996,1997,0.32,4.57327169569099
"cpi",1996,1997,0.33,4.68401115988668
"cpi",1996,1997,0.34,4.79341310355262
"cpi",1996,1997,0.35,4.90159001330578
"cpi",1996,1997,0.36,5.00864703970122
"cpi",1996,1997,0.37,5.114682877651
"cpi",1996,1997,0.38,5.21979054006682
"cpi",1996,1997,0.39,5.32405804175825
"cpi",1996,1997,0.4,5.42756900772771
"cpi",1996,1997,0.41,5.5304032176861
"cpi",1996,1997,0.42,5.63263709674785
"cpi",1996,1997,0.43,5.73434416075811
"cpi",1996,1997,0.44,5.83559542348652
"cpi",1996,1997,0.45,5.93645977193625
"cpi",1996,1997,0.46,6.03700431522061
"cpi",1996,1997,0.47,6.13729471182037
"cpi",1996,1997,0.48,6.23739547952533
"cpi",1996,1997,0.49,6.33737029196604
"cpi",1996,1997,0.5,6.43728226533918
"cpi",1996,1997,0.51,6.53719423871232
"cpi",1996,1997,0.52,6.63716905115303
"cpi",1996,1997,0.53,6.73726981885798
"cpi",1996,1997,0.54,6.83756021545774
"cpi",1996,1997,0.55,6.93810475874211
"cpi",1996,1997,0.56,7.03896910719183
"cpi",1996,1997,0.57,7.14022036992025
"cpi",1996,1997,0.58,7.24192743393051
"cpi",1996,1997,0.59,7.34416131299225
"cpi",1996,1997,0.6,7.44699552295064
"cpi",1996,1997,0.61,7.5505064889201
"cpi",1996,1997,0.62,7.65477399061154
"cpi",1996,1997,0.63,7.75988165302736
"cpi",1996,1997,0.64,7.86591749097714
"cpi",1996,1997,0.65,7.97297451737257
"cpi",1996,1997,0.66,8.08115142712573
"cpi",1996,1997,0.67,8.19055337079168
"cpi",1996,1997,0.68,8.30129283498736
"cpi",1996,1997,0.69,8.41349065024265
"cpi",1996,1997,0.7,8.5272771515082
"cpi",1996,1997,0.71,8.64279352234162
"cpi",1996,1997,0.72,8.76019336119861
"cpi",1996,1997,0.73,8.87964451778755
"cpi",1996,1997,0.74,9.00133125981476
"cpi",1996,1997,0.75,9.12545684664068
"cpi",1996,1997,0.76,9.25224660776672
"cpi",1996,1997,0.77,9.38195165264566
"cpi",1996,1997,0.78,9.5148533768825
"cpi",1996,1997,0.79,9.65126898259573
"cpi",1996,1997,0.8,9.79155830365794
"cpi",1996,1997,0.81,9.93613232894565
"cpi",1996,1997,0.82,10.0854639627401
"cpi",1996,1997,0.83,10.2401017731568
"cpi",1996,1997,0.84,10.4006877923204
"cpi",1996,1997,0.85,10.5679809038869
"cpi",1996,1997,0.86,10.7428880819182
"cpi",1996,1997,0.87,10.9265068989312
"cpi",1996,1997,0.88,11.1201846028155
"cpi",1996,1997,0.89,11.3256022354728
"cpi",1996,1997,0.9,11.544897825283
"cpi",1996,1997,0.91,11.7808528685549
"cpi",1996,1997,0.92,12.0371859736401
"cpi",1996,1997,0.93,12.3190379600858
"cpi",1996,1997,0.94,12.6338224728946
"cpi",1996,1997,0.95,12.9928358651487
"cpi",1996,1997,0.96,13.4146303943664
"cpi",1996,1997,0.97,13.9331731497251
"cpi",1996,1997,0.98,14.622485400496
"cpi",1996,1997,0.99,15.7089268239754
"gdp",1996,1996,0.01,-0.45445408349656
"gdp",1996,1996,0.02,-0.147943051275572
"gdp",1996,1996,0.03,0.0465283716104747
"gdp",1996,1996,0.04,0.19282164776953
"gdp",1996,1996,0.05,0.311819942331657
"gdp",1996,1996,0.06,0.413106181113448
"gdp",1996,1996,0.07,0.501914398347284
"gdp",1996,1996,0.08,0.581431564604029
"gdp",1996,1996,0.09,0.653749245920397
"gdp",1996,1996,0.1,0.720317790075671
"gdp",1996,1996,0.11,0.782186305157675
"gdp",1996,1996,0.12,0.840139517601043
"gdp",1996,1996,0.13,0.894780616193955
"gdp",1996,1996,0.14,0.946583862942068
"gdp",1996,1996,0.15,0.995929348600675
"gdp",1996,1996,0.16,1.04312672454892
"gdp",1996,1996,0.17,1.08843186979685
"gdp",1996,1996,0.18,1.13205888351972
"gdp",1996,1996,0.19,1.1741888982894
"gdp",1996,1996,0.2,1.21497667825214
"gdp",1996,1996,0.21,1.25455564098227
"gdp",1996,1996,0.22,1.29304173624207
"gdp",1996,1996,0.23,1.33053648174738
"gdp",1996,1996,0.24,1.36712936777964
"gdp",1996,1996,0.25,1.40289978274904
"gdp",1996,1996,0.26,1.43791857062
"gdp",1996,1996,0.27,1.47224930221795
"gdp",1996,1996,0.28,1.50594932185528
"gdp",1996,1996,0.29,1.53907061584589
"gdp",1996,1996,0.3,1.57166053859496
"gdp",1996,1996,0.31,1.60376242388945
"gdp",1996,1996,0.32,1.63541610297755
"gdp",1996,1996,0.33,1.66665834645674
"gdp",1996,1996,0.34,1.69752324350075
"gdp",1996,1996,0.35,1.7280425292665
"gdp",1996,1996,0.36,1.75824586923294
"gdp",1996,1996,0.37,1.78816110758819
"gdp",1996,1996,0.38,1.81781448549258
"gdp",1996,1996,0.39,1.84723083402262
"gdp",1996,1996,0.4,1.87643374578558
"gdp",1996,1996,0.41,1.90544572854028
"gdp",1996,1996,0.42,1.93428834363389
"gdp",1996,1996,0.43,1.96298233163935
"gdp",1996,1996,0.44,1.99154772723443
"gdp",1996,1996,0.45,2.02000396508535
"gdp",1996,1996,0.46,2.04836997827323
"gdp",1996,1996,0.47,2.07666429062116
"gdp",1996,1996,0.48,2.10490510413607
"gdp",1996,1996,0.49,2.13311038266749
"gdp",1996,1996,0.5,2.16129793279951
"gdp",1996,1996,0.51,2.18948548293154
"gdp",1996,1996,0.52,2.21769076146296
"gdp",1996,1996,0.53,2.24593157497787
"gdp",1996,1996,0.54,2.2742258873258
"gdp",1996,1996,0.55,2.30259190051368
"gdp",1996,1996,0.56,2.3310481383646
"gdp",1996,1996,0.57,2.35961353395968
"gdp",1996,1996,0.58,2.38830752196513
"gdp",1996,1996,0.59,2.41715013705875
"gdp",1996,1996,0.6,2.44616211981345
"gdp",1996,1996,0.61,2.47536503157641
"gdp",1996,1996,0.62,2.50478138010645
"gdp",1996,1996,0.63,2.53443475801083
"gdp",1996,1996,0.64,2.56434999636609
"gdp",1996,1996,0.65,2.59455333633253
"gdp",1996,1996,0.66,2.62507262209828
"gdp",1996,1996,0.67,2.65593751914229
"gdp",1996,1996,0.68,2.68717976262148
"gdp",1996,1996,0.69,2.71883344170958
"gdp",1996,1996,0.7,2.75093532700407
"gdp",1996,1996,0.71,2.78352524975313
"gdp",1996,1996,0.72,2.81664654374374
"gdp",1996,1996,0.73,2.85034656338108
"gdp",1996,1996,0.74,2.88467729497903
"gdp",1996,1996,0.75,2.91969608284999
"gdp",1996,1996,0.76,2.95546649781939
"gdp",1996,1996,0.77,2.99205938385165
"gdp",1996,1996,0.78,3.02955412935696
"gdp",1996,1996,0.79,3.06804022461675
"gdp",1996,1996,0.8,3.10761918734689
"gdp",1996,1996,0.81,3.14840696730963
"gdp",1996,1996,0.82,3.19053698207931
"gdp",1996,1996,0.83,3.23416399580218
"gdp",1996,1996,0.84,3.2794691410501
"gdp",1996,1996,0.85,3.32666651699835
"gdp",1996,1996,0.86,3.37601200265696
"gdp",1996,1996,0.87,3.42781524940507
"gdp",1996,1996,0.88,3.48245634799799
"gdp",1996,1996,0.89,3.54040956044135
"gdp",1996,1996,0.9,3.60227807552336
"gdp",1996,1996,0.91,3.66884661967863
"gdp",1996,1996,0.92,3.741164300995
"gdp",1996,1996,0.93,3.82068146725175
"gdp",1996,1996,0.94,3.90948968448558
"gdp",1996,1996,0.95,4.01077592326737
"gdp",1996,1996,0.96,4.1297742178295
"gdp",1996,1996,0.97,4.27606749398855
"gdp",1996,1996,0.98,4.4705389168746
"gdp",1996,1996,0.99,4.77704994909559
"gdp",1996,1997,0.01,-1.80843983860549
"gdp",1996,1997,0.02,-1.19824677479608
"gdp",1996,1997,0.03,-0.811098839224689
"gdp",1996,1997,0.04,-0.519862527933125
"gdp",1996,1997,0.05,-0.282964255721484
"gdp",1996,1997,0.06,-0.0813266183543795
"gdp",1996,1997,0.07,0.095470144139624
"gdp",1996,1997,0.08,0.253770558164079
"gdp",1996,1997,0.09,0.397738451294308
"gdp",1996,1997,0.1,0.530261132834046
"gdp",1996,1997,0.11,0.653427136020542
"gdp",1996,1997,0.12,0.768798670944351
"gdp",1996,1997,0.13,0.877576547938619
"gdp",1996,1997,0.14,0.980704913725193
"gdp",1996,1997,0.15,1.07894044169627
"gdp",1996,1997,0.16,1.1728995766251
"gdp",1996,1997,0.17,1.2630917148488
"gdp",1996,1997,0.18,1.34994307864968
"gdp",1996,1997,0.19,1.43381426137473
"gdp",1996,1997,0.2,1.51501336289191
"gdp",1996,1997,0.21,1.59380598694756
"gdp",1996,1997,0.22,1.67042296288631
"gdp",1996,1997,0.23,1.74506638916319
"gdp",1996,1997,0.24,1.81791442037388
"gdp",1996,1997,0.25,1.88912510060862
"gdp",1996,1997,0.26,1.95883946392872
"gdp",1996,1997,0.27,2.02718406524628
"gdp",1996,1997,0.28,2.09427306391604
"gdp",1996,1997,0.29,2.16020995274845
"gdp",1996,1997,0.3,2.22508900348756
"gdp",1996,1997,0.31,2.28899648375007
"gdp",1996,1997,0.32,2.35201168840242
"gdp",1996,1997,0.33,2.41420781925849
"gdp",1996,1997,0.34,2.47565274003336
"gdp",1996,1997,0.35,2.53640962813536
"gdp",1996,1997,0.36,2.59653754071932
"gdp",1996,1997,0.37,2.65609190916835
"gdp",1996,1997,0.38,2.71512497360541
"gdp",1996,1997,0.39,2.77368616700054
"gdp",1996,1997,0.4,2.83182245681587
"gdp",1996,1997,0.41,2.88957865082951
"gdp",1996,1997,0.42,2.94699767273133
"gdp",1996,1997,0.43,3.00412081223823
"gdp",1996,1997,0.44,3.06098795379195
"gdp",1996,1997,0.45,3.11763778734908
"gdp",1996,1997,0.46,3.17410800432545
"gdp",1996,1997,0.47,3.23043548139816
"gdp",1996,1997,0.48,3.28665645458229
"gdp",1996,1997,0.49,3.34280668577616
"gdp",1996,1997,0.5,3.39892162379883
"gdp",1996,1997,0.51,3.45503656182149
"gdp",1996,1997,0.52,3.51118679301537
"gdp",1996,1997,0.53,3.5674077661995
"gdp",1996,1997,0.54,3.62373524327221
"gdp",1996,1997,0.55,3.68020546024858
"gdp",1996,1997,0.56,3.73685529380571
"gdp",1996,1997,0.57,3.79372243535943
"gdp",1996,1997,0.58,3.85084557486633
"gdp",1996,1997,0.59,3.90826459676815
"gdp",1996,1997,0.6,3.96602079078179
"gdp",1996,1997,0.61,4.02415708059712
"gdp",1996,1997,0.62,4.08271827399225
"gdp",1996,1997,0.63,4.14175133842931
"gdp",1996,1997,0.64,4.20130570687834
"gdp",1996,1997,0.65,4.2614336194623
"gdp",1996,1997,0.66,4.3221905075643
"gdp",1996,1997,0.67,4.38363542833917
"gdp",1996,1997,0.68,4.44583155919524
"gdp",1996,1997,0.69,4.50884676384759
"gdp",1996,1997,0.7,4.5727542441101
"gdp",1996,1997,0.71,4.63763329484921
"gdp",1996,1997,0.72,4.70357018368162
"gdp",1996,1997,0.73,4.77065918235138
"gdp",1996,1997,0.74,4.83900378366893
"gdp",1996,1997,0.75,4.90871814698904
"gdp",1996,1997,0.76,4.97992882722377
"gdp",1996,1997,0.77,5.05277685843447
"gdp",1996,1997,0.78,5.12742028471135
"gdp",1996,1997,0.79,5.20403726065009
"gdp",1996,1997,0.8,5.28282988470574
"gdp",1996,1997,0.81,5.36402898622293
"gdp",1996,1997,0.82,5.44790016894798
"gdp",1996,1997,0.83,5.53475153274887
"gdp",1996,1997,0.84,5.62494367097256
"gdp",1996,1997,0.85,5.71890280590139
"gdp",1996,1997,0.86,5.81713833387247
"gdp",1996,1997,0.87,5.92026669965904
"gdp",1996,1997,0.88,6.02904457665331
"gdp",1996,1997,0.89,6.14441611157712
"gdp",1996,1997,0.9,6.26758211476361
"gdp",1996,1997,0.91,6.40010479630335
"gdp",1996,1997,0.92,6.54407268943358
"gdp",1996,1997,0.93,6.70237310345804
"gdp",1996,1997,0.94,6.87916986595204
"gdp",1996,1997,0.95,7.08080750331914
"gdp",1996,1997,0.96,7.31770577553079
"gdp",1996,1997,0.97,7.60894208682235
"gdp",1996,1997,0.98,7.99609002239374
"gdp",1996,1997,0.99,8.60628308620315
"cpi",1997,1997,0.01,0.0445112704900925
"cpi",1997,1997,0.02,0.381221538774214
"cpi",1997,1997,0.03,0.594853408723826
"cpi",1997,1997,0.04,0.755560342848678
"cpi",1997,1997,0.05,0.886283036244191
"cpi",1997,1997,0.06,0.997548579890653
"cpi",1997,1997,0.07,1.09510669528364
"cpi",1997,1997,0.08,1.18245835172972
"cpi",1997,1997,0.09,1.26190118842398
"cpi",1997,1997,0.1,1.33502844978025
"cpi",1997,1997,0.11,1.40299260807059
"cpi",1997,1997,0.12,1.46665570550737
"cpi",1997,1997,0.13,1.52668036051977
"cpi",1997,1997,0.14,1.58358756214366
"cpi",1997,1997,0.15,1.63779484986941
"cpi",1997,1997,0.16,1.68964238371734
"cpi",1997,1997,0.17,1.73941125337447
"cpi",1997,1997,0.18,1.78733665230259
"cpi",1997,1997,0.19,1.83361755930005
"cpi",1997,1997,0.2,1.87842398677006
"cpi",1997,1997,0.21,1.92190249735647
"cpi",1997,1997,0.22,1.96418046486137
"cpi",1997,1997,0.23,2.00536940911195
"cpi",1997,1997,0.24,2.04556763748871
"cpi",1997,1997,0.25,2.08486236020621
"cpi",1997,1997,0.26,2.12333140118518
"cpi",1997,1997,0.27,2.1610445946157
"cpi",1997,1997,0.28,2.19806493470279
"cpi",1997,1997,0.29,2.23444952975206
"cpi",1997,1997,0.3,2.27025039979802
"cpi",1997,1997,0.31,2.30551514812245
"cpi",1997,1997,0.32,2.34028753037801
"cpi",1997,1997,0.33,2.37460794001368
"cpi",1997,1997,0.34,2.40851382486534
"cpi",1997,1997,0.35,2.44204004682076
"cpi",1997,1997,0.36,2.4752191941731
"cpi",1997,1997,0.37,2.5080818544806
"cpi",1997,1997,0.38,2.54065685433417
"cpi",1997,1997,0.39,2.57297147131131
"cpi",1997,1997,0.4,2.60505162249913
"cpi",1997,1997,0.41,2.63692203325076
"cpi",1997,1997,0.42,2.66860638926175
"cpi",1997,1997,0.43,2.70012747458599
"cpi",1997,1997,0.44,2.73150729783335
"cpi",1997,1997,0.45,2.76276720848555
"cpi",1997,1997,0.46,2.79392800502013
"cpi",1997,1997,0.47,2.82501003633415
"cpi",1997,1997,0.48,2.85603329780133
"cpi",1997,1997,0.49,2.88701752317334
"cpi",1997,1997,0.5,2.91798227344172
"cpi",1997,1997,0.51,2.94894702371011
"cpi",1997,1997,0.52,2.97993124908211
"cpi",1997,1997,0.53,3.0109545105493
"cpi",1997,1997,0.54,3.04203654186331
"cpi",1997,1997,0.55,3.07319733839789
"cpi",1997,1997,0.56,3.10445724905009
"cpi",1997,1997,0.57,3.13583707229745
"cpi",1997,1997,0.58,3.16735815762169
"cpi",1997,1997,0.59,3.19904251363268
"cpi",1997,1997,0.6,3.23091292438431
"cpi",1997,1997,0.61,3.26299307557213
"cpi",1997,1997,0.62,3.29530769254928
"cpi",1997,1997,0.63,3.32788269240284
"cpi",1997,1997,0.64,3.36074535271035
"cpi",1997,1997,0.65,3.39392450006269
"cpi",1997,1997,0.66,3.42745072201811
"cpi",1997,1997,0.67,3.46135660686977
"cpi",1997,1997,0.68,3.49567701650543
"cpi",1997,1997,0.69,3.530449398761
"cpi",1997,1997,0.7,3.56571414708543
"cpi",1997,1997,0.71,3.60151501713138
"cpi",1997,1997,0.72,3.63789961218066
"cpi",1997,1997,0.73,3.67491995226775
"cpi",1997,1997,0.74,3.71263314569826
"cpi",1997,1997,0.75,3.75110218667724
"cpi",1997,1997,0.76,3.79039690939474
"cpi",1997,1997,0.77,3.83059513777149
"cpi",1997,1997,0.78,3.87178408202207
"cpi",1997,1997,0.79,3.91406204952698
"cpi",1997,1997,0.8,3.95754056011338
"cpi",1997,1997,0.81,4.00234698758339
"cpi",1997,1997,0.82,4.04862789458085
"cpi",1997,1997,0.83,4.09655329350897
"cpi",1997,1997,0.84,4.14632216316611
"cpi",1997,1997,0.85,4.19816969701404
"cpi",1997,1997,0.86,4.25237698473979
"cpi",1997,1997,0.87,4.30928418636367
"cpi",1997,1997,0.88,4.36930884137607
"cpi",1997,1997,0.89,4.43297193881285
"cpi",1997,1997,0.9,4.50093609710319
"cpi",1997,1997,0.91,4.57406335845946
"cpi",1997,1997,0.92,4.65350619515372
"cpi",1997,1997,0.93,4.7408578515998
"cpi",1997,1997,0.94,4.83841596699279
"cpi",1997,1997,0.95,4.94968151063925
"cpi",1997,1997,0.96,5.08040420403477
"cpi",1997,1997,0.97,5.24111113815962
"cpi",1997,1997,0.98,5.45474300810923
"cpi",1997,1997,0.99,5.79145327639335
"cpi",1997,1998,0.01,-3.83139134577965
"cpi",1997,1998,0.02,-2.74403200571674
"cpi",1997,1998,0.03,-2.05413736630288
"cpi",1997,1998,0.04,-1.53515650265402
"cpi",1997,1998,0.05,-1.11300560613948
"cpi",1997,1998,0.06,-0.753688889344059
"cpi",1997,1998,0.07,-0.438638420250584
"cpi",1997,1998,0.08,-0.156548301672834
"cpi",1997,1998,0.09,0.100001375059035
"cpi",1997,1998,0.1,0.336155772886516
"cpi",1997,1998,0.11,0.555636641952714
"cpi",1997,1998,0.12,0.761227828607011
"cpi",1997,1998,0.13,0.955069167614557
"cpi",1997,1998,0.14,1.13884312116195
"cpi",1997,1998,0.15,1.31389807540628
"cpi",1997,1998,0.16,1.48133253018568
"cpi",1997,1998,0.17,1.64205422584954
"cpi",1997,1998,0.18,1.79682268722227
"cpi",1997,1998,0.19,1.94628048887092
"cpi",1997,1998,0.2,2.09097666238725
"cpi",1997,1998,0.21,2.23138451160157
"cpi",1997,1998,0.22,2.36791537262819
"cpi",1997,1998,0.23,2.50092938335744
"cpi",1997,1998,0.24,2.63074401390671
"cpi",1997,1998,0.25,2.75764089762753
"cpi",1997,1998,0.26,2.88187135613096
"cpi",1997,1998,0.27,3.00366090929561
"cpi",1997,1998,0.28,3.12321298821242
"cpi",1997,1998,0.29,3.2407120162725
"cpi",1997,1998,0.3,3.35632598499769
"cpi",1997,1998,0.31,3.47020862261651
"cpi",1997,1998,0.32,3.58250123197025
"cpi",1997,1998,0.33,3.69333425812744
"cpi",1997,1998,0.34,3.80282863370568
"cpi",1997,1998,0.35,3.91109694036002
"cpi",1997,1998,0.36,4.01824441748551
"cpi",1997,1998,0.37,4.12436984337993
"cpi",1997,1998,0.38,4.22956630954007
"cpi",1997,1998,0.39,4.33392190513778
"cpi",1997,1998,0.4,4.43752032582886
"cpi",1997,1998,0.41,4.54044141872878
"cpi",1997,1998,0.42,4.64276167352231
"cpi",1997,1998,0.43,4.74455466816694
"cpi",1997,1998,0.44,4.84589147643067
"cpi",1997,1998,0.45,4.94684104351817
"cpi",1997,1998,0.46,5.04747053524216
"cpi",1997,1998,0.47,5.14784566555717
"cpi",1997,1998,0.48,5.24803100676302
"cpi",1997,1998,0.49,5.34809028628709
"cpi",1997,1998,0.5,5.44808667365188
"cpi",1997,1998,0.51,5.54808306101668
"cpi",1997,1998,0.52,5.64814234054074
"cpi",1997,1998,0.53,5.7483276817466
"cpi",1997,1998,0.54,5.84870281206161
"cpi",1997,1998,0.55,5.94933230378559
"cpi",1997,1998,0.56,6.05028187087309
"cpi",1997,1998,0.57,6.15161867913683
"cpi",1997,1998,0.58,6.25341167378145
"cpi",1997,1998,0.59,6.35573192857498
"cpi",1997,1998,0.6,6.45865302147491
"cpi",1997,1998,0.61,6.56225144216599
"cpi",1997,1998,0.62,6.66660703776369
"cpi",1997,1998,0.63,6.77180350392383
"cpi",1997,1998,0.64,6.87792892981826
"cpi",1997,1998,0.65,6.98507640694375
"cpi",1997,1998,0.66,7.09334471359809
"cpi",1997,1998,0.67,7.20283908917632
"cpi",1997,1998,0.68,7.31367211533351
"cpi",1997,1998,0.69,7.42596472468726
"cpi",1997,1998,0.7,7.53984736230608
"cpi",1997,1998,0.71,7.65546133103126
"cpi",1997,1998,0.72,7.77296035909135
"cpi",1997,1998,0.73,7.89251243800816
"cpi",1997,1998,0.74,8.01430199117281
"cpi",1997,1998,0.75,8.13853244967623
"cpi",1997,1998,0.76,8.26542933339705
"cpi",1997,1998,0.77,8.39524396394632
"cpi",1997,1998,0.78,8.52825797467558
"cpi",1997,1998,0.79,8.6647888357022
"cpi",1997,1998,0.8,8.80519668491652
"cpi",1997,1998,0.81,8.94989285843284
"cpi",1997,1998,0.82,9.09935066008149
"cpi",1997,1998,0.83,9.25411912145422
"cpi",1997,1998,0.84,9.41484081711809
"cpi",1997,1998,0.85,9.58227527189748
"cpi",1997,1998,0.86,9.75733022614181
"cpi",1997,1998,0.87,9.94110417968921
"cpi",1997,1998,0.88,10.1349455186968
"cpi",1997,1998,0.89,10.3405367053511
"cpi",1997,1998,0.9,10.5600175744172
"cpi",1997,1998,0.91,10.7961719722447
"cpi",1997,1998,0.92,11.0527216489766
"cpi",1997,1998,0.93,11.3348117675543
"cpi",1997,1998,0.94,11.6498622366478
"cpi",1997,1998,0.95,12.0091789534433
"cpi",1997,1998,0.96,12.4313298499578
"cpi",1997,1998,0.97,12.9503107136066
"cpi",1997,1998,0.98,13.6402053530205
"cpi",1997,1998,0.99,14.7275646930834
"gdp",1997,1997,0.01,-1.34621771841389
"gdp",1997,1997,0.02,-1.0400835353292
"gdp",1997,1997,0.03,-0.845851211137961
"gdp",1997,1997,0.04,-0.699737799613359
"gdp",1997,1997,0.05,-0.580885811055951
"gdp",1997,1997,0.06,-0.479724101663289
"gdp",1997,1997,0.07,-0.391025072342587
"gdp",1997,1997,0.08,-0.311605670839063
"gdp",1997,1997,0.09,-0.239376902654289
"gdp",1997,1997,0.1,-0.172890203182346
"gdp",1997,1997,0.11,-0.111097754192658
"gdp",1997,1997,0.12,-0.0532157940559248
"gdp",1997,1997,0.13,0.00135812440757466
"gdp",1997,1997,0.14,0.0530976801079206
"gdp",1997,1997,0.15,0.102382496486483
"gdp",1997,1997,0.16,0.149521844212281
"gdp",1997,1997,0.17,0.194771287697264
"gdp",1997,1997,0.18,0.238344662886072
"gdp",1997,1997,0.19,0.280422879651742
"gdp",1997,1997,0.2,0.321160511861107
"gdp",1997,1997,0.21,0.360690813054287
"gdp",1997,1997,0.22,0.399129590435659
"gdp",1997,1997,0.23,0.436578236907085
"gdp",1997,1997,0.24,0.473126132723514
"gdp",1997,1997,0.25,0.508852568688666
"gdp",1997,1997,0.26,0.543828301665754
"gdp",1997,1997,0.27,0.578116824321155
"gdp",1997,1997,0.28,0.611775410463577
"gdp",1997,1997,0.29,0.644855982490795
"gdp",1997,1997,0.3,0.677405836586697
"gdp",1997,1997,0.31,0.709468253260242
"gdp",1997,1997,0.32,0.741083014787896
"gdp",1997,1997,0.33,0.772286846558424
"gdp",1997,1997,0.34,0.803113795833603
"gdp",1997,1997,0.35,0.833595558752632
"gdp",1997,1997,0.36,0.863761764321345
"gdp",1997,1997,0.37,0.893640222493989
"gdp",1997,1997,0.38,0.923257142167911
"gdp",1997,1997,0.39,0.952637323890332
"gdp",1997,1997,0.4,0.981804331261872
"gdp",1997,1997,0.41,1.01078064436852
"gdp",1997,1997,0.42,1.03958779804821
"gdp",1997,1997,0.43,1.06824650737375
"gdp",1997,1997,0.44,1.09677678239069
"gdp",1997,1997,0.45,1.12519803387071
"gdp",1997,1997,0.46,1.15352917161711
"gdp",1997,1997,0.47,1.18178869667828
"gdp",1997,1997,0.48,1.20999478868218
"gdp",1997,1997,0.49,1.23816538939212
"gdp",1997,1997,0.5,1.26631828349939
"gdp",1997,1997,0.51,1.29447117760666
"gdp",1997,1997,0.52,1.32264177831661
"gdp",1997,1997,0.53,1.35084787032051
"gdp",1997,1997,0.54,1.37910739538168
"gdp",1997,1997,0.55,1.40743853312807
"gdp",1997,1997,0.56,1.4358597846081
"gdp",1997,1997,0.57,1.46439005962504
"gdp",1997,1997,0.58,1.49304876895058
"gdp",1997,1997,0.59,1.52185592263026
"gdp",1997,1997,0.6,1.55083223573691
"gdp",1997,1997,0.61,1.57999924310845
"gdp",1997,1997,0.62,1.60937942483088
"gdp",1997,1997,0.63,1.6389963445048
"gdp",1997,1997,0.64,1.66887480267744
"gdp",1997,1997,0.65,1.69904100824615
"gdp",1997,1997,0.66,1.72952277116518
"gdp",1997,1997,0.67,1.76034972044036
"gdp",1997,1997,0.68,1.79155355221089
"gdp",1997,1997,0.69,1.82316831373854
"gdp",1997,1997,0.7,1.85523073041209
"gdp",1997,1997,0.71,1.88778058450799
"gdp",1997,1997,0.72,1.92086115653521
"gdp",1997,1997,0.73,1.95451974267763
"gdp",1997,1997,0.74,1.98880826533303
"gdp",1997,1997,0.75,2.02378399831012
"gdp",1997,1997,0.76,2.05951043427527
"gdp",1997,1997,0.77,2.0960583300917
"gdp",1997,1997,0.78,2.13350697656313
"gdp",1997,1997,0.79,2.1719457539445
"gdp",1997,1997,0.8,2.21147605513768
"gdp",1997,1997,0.81,2.25221368734704
"gdp",1997,1997,0.82,2.29429190411271
"gdp",1997,1997,0.83,2.33786527930152
"gdp",1997,1997,0.84,2.38311472278651
"gdp",1997,1997,0.85,2.4302540705123
"gdp",1997,1997,0.86,2.47953888689087
"gdp",1997,1997,0.87,2.53127844259121
"gdp",1997,1997,0.88,2.58585236105471
"gdp",1997,1997,0.89,2.64373432119144
"gdp",1997,1997,0.9,2.70552677018113
"gdp",1997,1997,0.91,2.77201346965307
"gdp",1997,1997,0.92,2.84424223783785
"gdp",1997,1997,0.93,2.92366163934137
"gdp",1997,1997,0.94,3.01236066866208
"gdp",1997,1997,0.95,3.11352237805474
"gdp",1997,1997,0.96,3.23237436661215
"gdp",1997,1997,0.97,3.37848777813675
"gdp",1997,1997,0.98,3.57272010232798
"gdp",1997,1997,0.99,3.87885428541267
"gdp",1997,1998,0.01,-1.911996896061
"gdp",1997,1998,0.02,-1.29858903725471
"gdp",1997,1998,0.03,-0.909401417327423
"gdp",1997,1998,0.04,-0.616630730947091
"gdp",1997,1998,0.05,-0.378484362967987
"gdp",1997,1998,0.06,-0.175784400074364
"gdp",1997,1998,0.07,0.00194381408836541
"gdp",1997,1998,0.08,0.161078231986664
"gdp",1997,1998,0.09,0.305804618272578
"gdp",1997,1998,0.1,0.439025494005031
"gdp",1997,1998,0.11,0.562840395834127
"gdp",1997,1998,0.12,0.67881976433595
"gdp",1997,1998,0.13,0.7881707362988
"gdp",1997,1998,0.14,0.891842432670446
"gdp",1997,1998,0.15,0.990595513367976
"gdp",1997,1998,0.16,1.08504967089669
"gdp",1997,1998,0.17,1.17571698534234
"gdp",1997,1998,0.18,1.26302592453432
"gdp",1997,1998,0.19,1.34733898160144
"gdp",1997,1998,0.2,1.42896587963221
"gdp",1997,1998,0.21,1.50817362170317
"gdp",1997,1998,0.22,1.58519425328065
"gdp",1997,1998,0.23,1.66023093757302
"gdp",1997,1998,0.24,1.73346276778138
"gdp",1997,1998,0.25,1.80504862064937
"gdp",1997,1998,0.26,1.87513027327462
"gdp",1997,1998,0.27,1.94383494732228
"gdp",1997,1998,0.28,2.01127740359433
"gdp",1997,1998,0.29,2.07756168015188
"gdp",1997,1998,0.3,2.14278254540854
"gdp",1997,1998,0.31,2.20702672148094
"gdp",1997,1998,0.32,2.2703739209996
"gdp",1997,1998,0.33,2.3328977314413
"gdp",1997,1998,0.34,2.3946663740603
"gdp",1997,1998,0.35,2.45574335911437
"gdp",1997,1998,0.36,2.51618805490025
"gdp",1997,1998,0.37,2.57605618484066
"gdp",1997,1998,0.38,2.63540026428504
"gdp",1997,1998,0.39,2.69426998664043
"gdp",1997,1998,0.4,2.7527125668165
"gdp",1997,1998,0.41,2.81077304866061
"gdp",1997,1998,0.42,2.86849458200559
"gdp",1997,1998,0.43,2.92591867410271
"gdp",1997,1998,0.44,2.98308541952444
"gdp",1997,1998,0.45,3.04003371206496
"gdp",1997,1998,0.46,3.09680144171687
"gdp",1997,1998,0.47,3.15342567944161
"gdp",1997,1998,0.48,3.20994285216328
"gdp",1997,1998,0.49,3.26638891019135
"gdp",1997,1998,0.5,3.32279948910656
"gdp",1997,1998,0.51,3.37921006802176
"gdp",1997,1998,0.52,3.43565612604983
"gdp",1997,1998,0.53,3.49217329877151
"gdp",1997,1998,0.54,3.54879753649624
"gdp",1997,1998,0.55,3.60556526614815
"gdp",1997,1998,0.56,3.66251355868867
"gdp",1997,1998,0.57,3.71968030411041
"gdp",1997,1998,0.58,3.77710439620753
"gdp",1997,1998,0.59,3.8348259295525
"gdp",1997,1998,0.6,3.89288641139661
"gdp",1997,1998,0.61,3.95132899157268
"gdp",1997,1998,0.62,4.01019871392807
"gdp",1997,1998,0.63,4.06954279337245
"gdp",1997,1998,0.64,4.12941092331286
"gdp",1997,1998,0.65,4.18985561909875
"gdp",1997,1998,0.66,4.25093260415281
"gdp",1997,1998,0.67,4.31270124677181
"gdp",1997,1998,0.68,4.37522505721351
"gdp",1997,1998,0.69,4.43857225673218
"gdp",1997,1998,0.7,4.50281643280458
"gdp",1997,1998,0.71,4.56803729806124
"gdp",1997,1998,0.72,4.63432157461878
"gdp",1997,1998,0.73,4.70176403089083
"gdp",1997,1998,0.74,4.77046870493849
"gdp",1997,1998,0.75,4.84055035756374
"gdp",1997,1998,0.76,4.91213621043174
"gdp",1997,1998,0.77,4.98536804064009
"gdp",1997,1998,0.78,5.06040472493247
"gdp",1997,1998,0.79,5.13742535650995
"gdp",1997,1998,0.8,5.21663309858091
"gdp",1997,1998,0.81,5.29825999661167
"gdp",1997,1998,0.82,5.38257305367879
"gdp",1997,1998,0.83,5.46988199287078
"gdp",1997,1998,0.84,5.56054930731642
"gdp",1997,1998,0.85,5.65500346484514
"gdp",1997,1998,0.86,5.75375654554267
"gdp",1997,1998,0.87,5.85742824191431
"gdp",1997,1998,0.88,5.96677921387716
"gdp",1997,1998,0.89,6.08275858237899
"gdp",1997,1998,0.9,6.20657348420808
"gdp",1997,1998,0.91,6.33979435994054
"gdp",1997,1998,0.92,6.48452074622645
"gdp",1997,1998,0.93,6.64365516412475
"gdp",1997,1998,0.94,6.82138337828748
"gdp",1997,1998,0.95,7.0240833411811
"gdp",1997,1998,0.96,7.26222970916021
"gdp",1997,1998,0.97,7.55500039554054
"gdp",1997,1998,0.98,7.94418801546782
"gdp",1997,1998,0.99,8.55759587427411
"cpi",1998,1998,0.01,0.0721755440506473
"cpi",1998,1998,0.02,0.406213552210413
"cpi",1998,1998,0.03,0.618149958786523
"cpi",1998,1998,0.04,0.777581461859159
"cpi",1998,1998,0.05,0.907266690485068
"cpi",1998,1998,0.06,1.01764918866631
"cpi",1998,1998,0.07,1.11443304593257
"cpi",1998,1998,0.08,1.20109144657298
"cpi",1998,1998,0.09,1.27990379484838
"cpi",1998,1998,0.1,1.35245069058194
"cpi",1998,1998,0.11,1.41987545958959
"cpi",1998,1998,0.12,1.48303330259044
"cpi",1998,1998,0.13,1.54258157922304
"cpi",1998,1998,0.14,1.59903714375708
"cpi",1998,1998,0.15,1.65281422193152
"cpi",1998,1998,0.16,1.70425027412802
"cpi",1998,1998,0.17,1.75362415919946
"cpi",1998,1998,0.18,1.80116920402328
"cpi",1998,1998,0.19,1.84708280822681
"cpi",1998,1998,0.2,1.89153363493046
"cpi",1998,1998,0.21,1.93466708360147
"cpi",1998,1998,0.22,1.97660951715525
"cpi",1998,1998,0.23,2.01747157035541
"cpi",1998,1998,0.24,2.05735077037788
"cpi",1998,1998,0.25,2.09633363530396
"cpi",1998,1998,0.26,2.13449737141429
"cpi",1998,1998,0.27,2.17191125866837
"cpi",1998,1998,0.28,2.20863779132539
"cpi",1998,1998,0.29,2.24473362445781
"cpi",1998,1998,0.3,2.28025036524948
"cpi",1998,1998,0.31,2.3152352391845
"cpi",1998,1998,0.32,2.34973165465412
"cpi",1998,1998,0.33,2.38377968452962
"cpi",1998,1998,0.34,2.41741647944669
"cpi",1998,1998,0.35,2.45067662461595
"cpi",1998,1998,0.36,2.48359244969754
"cpi",1998,1998,0.37,2.51619429949526
"cpi",1998,1998,0.38,2.54851077182128
"cpi",1998,1998,0.39,2.58056892776793
"cpi",1998,1998,0.4,2.6123944787345
"cpi",1998,1998,0.41,2.64401195384436
"cpi",1998,1998,0.42,2.67544485081442
"cpi",1998,1998,0.43,2.7067157728757
"cpi",1998,1998,0.44,2.7378465539694
"cpi",1998,1998,0.45,2.76885837413967
"cpi",1998,1998,0.46,2.79977186679948
"cpi",1998,1998,0.47,2.83060721934932
"cpi",1998,1998,0.48,2.86138426847208
"cpi",1998,1998,0.49,2.89212259130489
"cpi",1998,1998,0.5,2.92284159359587
"cpi",1998,1998,0.51,2.95356059588684
"cpi",1998,1998,0.52,2.98429891871965
"cpi",1998,1998,0.53,3.01507596784241
"cpi",1998,1998,0.54,3.04591132039225
"cpi",1998,1998,0.55,3.07682481305206
"cpi",1998,1998,0.56,3.10783663322234
"cpi",1998,1998,0.57,3.13896741431604
"cpi",1998,1998,0.58,3.17023833637731
"cpi",1998,1998,0.59,3.20167123334737
"cpi",1998,1998,0.6,3.23328870845723
"cpi",1998,1998,0.61,3.2651142594238
"cpi",1998,1998,0.62,3.29717241537045
"cpi",1998,1998,0.63,3.32948888769647
"cpi",1998,1998,0.64,3.36209073749419
"cpi",1998,1998,0.65,3.39500656257578
"cpi",1998,1998,0.66,3.42826670774504
"cpi",1998,1998,0.67,3.46190350266211
"cpi",1998,1998,0.68,3.49595153253761
"cpi",1998,1998,0.69,3.53044794800723
"cpi",1998,1998,0.7,3.56543282194226
"cpi",1998,1998,0.71,3.60094956273392
"cpi",1998,1998,0.72,3.63704539586635
"cpi",1998,1998,0.73,3.67377192852336
"cpi",1998,1998,0.74,3.71118581577744
"cpi",1998,1998,0.75,3.74934955188777
"cpi",1998,1998,0.76,3.78833241681385
"cpi",1998,1998,0.77,3.82821161683632
"cpi",1998,1998,0.78,3.86907367003649
"cpi",1998,1998,0.79,3.91101610359026
"cpi",1998,1998,0.8,3.95414955226128
"cpi",1998,1998,0.81,3.99860037896493
"cpi",1998,1998,0.82,4.04451398316845
"cpi",1998,1998,0.83,4.09205902799228
"cpi",1998,1998,0.84,4.14143291306371
"cpi",1998,1998,0.85,4.19286896526021
"cpi",1998,1998,0.86,4.24664604343465
"cpi",1998,1998,0.87,4.3031016079687
"cpi",1998,1998,0.88,4.36264988460129
"cpi",1998,1998,0.89,4.42580772760215
"cpi",1998,1998,0.9,4.49323249660979
"cpi",1998,1998,0.91,4.56577939234336
"cpi",1998,1998,0.92,4.64459174061875
"cpi",1998,1998,0.93,4.73125014125916
"cpi",1998,1998,0.94,4.82803399852543
"cpi",1998,1998,0.95,4.93841649670667
"cpi",1998,1998,0.96,5.06810172533258
"cpi",1998,1998,0.97,5.22753322840521
"cpi",1998,1998,0.98,5.43946963498132
"cpi",1998,1998,0.99,5.77350764314109
"cpi",1998,1999,0.01,-3.84559177152371
"cpi",1998,1999,0.02,-2.76059744821315
"cpi",1998,1999,0.03,-2.07220333610379
"cpi",1998,1999,0.04,-1.55435126069582
"cpi",1998,1999,0.05,-1.13311854633643
"cpi",1998,1999,0.06,-0.77458334676655
"cpi",1998,1999,0.07,-0.460218115395132
"cpi",1998,1999,0.08,-0.178741545468254
"cpi",1998,1999,0.09,0.0772501333130524
"cpi",1998,1999,0.1,0.312890893112675
"cpi",1998,1999,0.11,0.531894389232288
"cpi",1998,1999,0.12,0.737038413129382
"cpi",1998,1999,0.13,0.930458145408443
"cpi",1998,1999,0.14,1.11383238888506
"cpi",1998,1999,0.15,1.28850659696377
"cpi",1998,1999,0.16,1.45557688023529
"cpi",1998,1999,0.17,1.61594900470525
"cpi",1998,1999,0.18,1.77038084322444
"cpi",1998,1999,0.19,1.9195135727542
"cpi",1998,1999,0.2,2.06389503073743
"cpi",1998,1999,0.21,2.2039974915642
"cpi",1998,1999,0.22,2.3402313966889
"cpi",1998,1999,0.23,2.47295610069858
"cpi",1998,1999,0.24,2.60248838321014
"cpi",1998,1999,0.25,2.72910926501994
"cpi",1998,1999,0.26,2.85306952111218
"cpi",1998,1999,0.27,2.97459418085762
"cpi",1998,1999,0.28,3.09388623288268
"cpi",1998,1999,0.29,3.21112969945586
"cpi",1998,1999,0.3,3.32649220671585
"cpi",1998,1999,0.31,3.44012714853086
"cpi",1998,1999,0.32,3.55217552040717
"cpi",1998,1999,0.33,3.66276748369404
"cpi",1998,1999,0.34,3.77202370797952
"cpi",1998,1999,0.35,3.8800565300525
"cpi",1998,1999,0.36,3.98697096041135
"cpi",1998,1999,0.37,4.09286556251014
"cpi",1998,1999,0.38,4.19783322537077
"cpi",1998,1999,0.39,4.30196184657032
"cpi",1998,1999,0.4,4.40533493972576
"cpi",1998,1999,0.41,4.50803217828434
"cpi",1998,1999,0.42,4.61012988556503
"cpi",1998,1999,0.43,4.71170147949258
"cpi",1998,1999,0.44,4.8128178792489
"cpi",1998,1999,0.45,4.91354788008216
"cpi",1998,1999,0.46,5.01395850171883
"cpi",1998,1999,0.47,5.11411531518497
"cpi",1998,1999,0.48,5.21408275233504
"cpi",1998,1999,0.49,5.31392440198866
"cpi",1998,1999,0.5,5.41370329627405
"cpi",1998,1999,0.51,5.51348219055944
"cpi",1998,1999,0.52,5.61332384021306
"cpi",1998,1999,0.53,5.71329127736313
"cpi",1998,1999,0.54,5.81344809082927
"cpi",1998,1999,0.55,5.91385871246594
"cpi",1998,1999,0.56,6.0145887132992
"cpi",1998,1999,0.57,6.11570511305552
"cpi",1998,1999,0.58,6.21727670698307
"cpi",1998,1999,0.59,6.31937441426376
"cpi",1998,1999,0.6,6.42207165282234
"cpi",1998,1999,0.61,6.52544474597777
"cpi",1998,1999,0.62,6.62957336717733
"cpi",1998,1999,0.63,6.73454103003796
"cpi",1998,1999,0.64,6.84043563213675
"cpi",1998,1999,0.65,6.9473500624956
"cpi",1998,1999,0.66,7.05538288456858
"cpi",1998,1999,0.67,7.16463910885406
"cpi",1998,1999,0.68,7.27523107214093
"cpi",1998,1999,0.69,7.38727944401724
"cpi",1998,1999,0.7,7.50091438583225
"cpi",1998,1999,0.71,7.61627689309224
"cpi",1998,1999,0.72,7.73352035966542
"cpi",1998,1999,0.73,7.85281241169048
"cpi",1998,1999,0.74,7.97433707143592
"cpi",1998,1999,0.75,8.09829732752816
"cpi",1998,1999,0.76,8.22491820933796
"cpi",1998,1999,0.77,8.35445049184952
"cpi",1998,1999,0.78,8.4871751958592
"cpi",1998,1999,0.79,8.6234091009839
"cpi",1998,1999,0.8,8.76351156181067
"cpi",1998,1999,0.81,8.9078930197939
"cpi",1998,1999,0.82,9.05702574932366
"cpi",1998,1999,0.83,9.21145758784285
"cpi",1998,1999,0.84,9.37182971231281
"cpi",1998,1999,0.85,9.53889999558433
"cpi",1998,1999,0.86,9.71357420366304
"cpi",1998,1999,0.87,9.89694844713966
"cpi",1998,1999,0.88,10.0903681794187
"cpi",1998,1999,0.89,10.2955122033158
"cpi",1998,1999,0.9,10.5145156994354
"cpi",1998,1999,0.91,10.750156459235
"cpi",1998,1999,0.92,11.0061481380164
"cpi",1998,1999,0.93,11.2876247079432
"cpi",1998,1999,0.94,11.6019899393147
"cpi",1998,1999,0.95,11.9605251388845
"cpi",1998,1999,0.96,12.3817578532439
"cpi",1998,1999,0.97,12.8996099286519
"cpi",1998,1999,0.98,13.5880040407612
"cpi",1998,1999,0.99,14.6729983640718
"gdp",1998,1998,0.01,-0.466415510683015
"gdp",1998,1998,0.02,-0.162162695390495
"gdp",1998,1998,0.03,0.030875961255191
"gdp",1998,1998,0.04,0.176091423182408
"gdp",1998,1998,0.05,0.294212999013428
"gdp",1998,1998,0.06,0.394753012455855
"gdp",1998,1998,0.07,0.482906936047824
"gdp",1998,1998,0.08,0.561838260386763
"gdp",1998,1998,0.09,0.633623141917777
"gdp",1998,1998,0.1,0.699701242997558
"gdp",1998,1998,0.11,0.761113942420709
"gdp",1998,1998,0.12,0.818640185157798
"gdp",1998,1998,0.13,0.872878716009711
"gdp",1998,1998,0.14,0.924300302861577
"gdp",1998,1998,0.15,0.973282236153895
"gdp",1998,1998,0.16,1.02013188591241
"gdp",1998,1998,0.17,1.06510324596114
"gdp",1998,1998,0.18,1.10840883810184
"gdp",1998,1998,0.19,1.150228460414
"gdp",1998,1998,0.2,1.19071573682058
"gdp",1998,1998,0.21,1.23000310194327
"gdp",1998,1998,0.22,1.26820565128566
"gdp",1998,1998,0.23,1.30542415463285
"gdp",1998,1998,0.24,1.34174744294754
"gdp",1998,1998,0.25,1.37725431974658
"gdp",1998,1998,0.26,1.41201510705224
"gdp",1998,1998,0.27,1.44609290733252
"gdp",1998,1998,0.28,1.47954464241617
"gdp",1998,1998,0.29,1.51242191560844
"gdp",1998,1998,0.3,1.54477173243141
"gdp",1998,1998,0.31,1.57663710741081
"gdp",1998,1998,0.32,1.60805757833852
"gdp",1998,1998,0.33,1.639069644905
"gdp",1998,1998,0.34,1.66970714513234
"gdp",1998,1998,0.35,1.70000158036902
"gdp",1998,1998,0.36,1.72998239753388
"gdp",1998,1998,0.37,1.75967723567324
"gdp",1998,1998,0.38,1.78911214261596
"gdp",1998,1998,0.39,1.81831176649586
"gdp",1998,1998,0.4,1.84729952610189
"gdp",1998,1998,0.41,1.8760977633672
"gdp",1998,1998,0.42,1.90472788078596
"gdp",1998,1998,0.43,1.93321046612512
"gdp",1998,1998,0.44,1.96156540645719
"gdp",1998,1998,0.45,1.98981199326368
"gdp",1998,1998,0.46,2.01796902013642
"gdp",1998,1998,0.47,2.04605487442442
"gdp",1998,1998,0.48,2.07408762403151
"gdp",1998,1998,0.49,2.10208510045874
"gdp",1998,1998,0.5,2.13006497910039
"gdp",1998,1998,0.51,2.15804485774203
"gdp",1998,1998,0.52,2.18604233416926
"gdp",1998,1998,0.53,2.21407508377636
"gdp",1998,1998,0.54,2.24216093806435
"gdp",1998,1998,0.55,2.2703179649371
"gdp",1998,1998,0.56,2.29856455174358
"gdp",1998,1998,0.57,2.32691949207565
"gdp",1998,1998,0.58,2.35540207741482
"gdp",1998,1998,0.59,2.38403219483357
"gdp",1998,1998,0.6,2.41283043209888
"gdp",1998,1998,0.61,2.44181819170492
"gdp",1998,1998,0.62,2.47101781558482
"gdp",1998,1998,0.63,2.50045272252753
"gdp",1998,1998,0.64,2.5301475606669
"gdp",1998,1998,0.65,2.56012837783175
"gdp",1998,1998,0.66,2.59042281306844
"gdp",1998,1998,0.67,2.62106031329577
"gdp",1998,1998,0.68,2.65207237986225
"gdp",1998,1998,0.69,2.68349285078996
"gdp",1998,1998,0.7,2.71535822576937
"gdp",1998,1998,0.71,2.74770804259234
"gdp",1998,1998,0.72,2.78058531578461
"gdp",1998,1998,0.73,2.81403705086825
"gdp",1998,1998,0.74,2.84811485114853
"gdp",1998,1998,0.75,2.88287563845419
"gdp",1998,1998,0.76,2.91838251525324
"gdp",1998,1998,0.77,2.95470580356793
"gdp",1998,1998,0.78,2.99192430691511
"gdp",1998,1998,0.79,3.0301268562575
"gdp",1998,1998,0.8,3.0694142213802
"gdp",1998,1998,0.81,3.10990149778677
"gdp",1998,1998,0.82,3.15172112009894
"gdp",1998,1998,0.83,3.19502671223964
"gdp",1998,1998,0.84,3.23999807228837
"gdp",1998,1998,0.85,3.28684772204688
"gdp",1998,1998,0.86,3.3358296553392
"gdp",1998,1998,0.87,3.38725124219107
"gdp",1998,1998,0.88,3.44148977304298
"gdp",1998,1998,0.89,3.49901601578007
"gdp",1998,1998,0.9,3.56042871520322
"gdp",1998,1998,0.91,3.626506816283
"gdp",1998,1998,0.92,3.69829169781401
"gdp",1998,1998,0.93,3.77722302215295
"gdp",1998,1998,0.94,3.86537694574492
"gdp",1998,1998,0.95,3.96591695918735
"gdp",1998,1998,0.96,4.08403853501837
"gdp",1998,1998,0.97,4.22925399694558
"gdp",1998,1998,0.98,4.42229265359127
"gdp",1998,1998,0.99,4.72654546888379
"gdp",1998,1999,0.01,-1.98137984414859
"gdp",1998,1999,0.02,-1.37628627481669
"gdp",1998,1999,0.03,-0.992373804996247
"gdp",1998,1999,0.04,-0.703571408557483
"gdp",1998,1999,0.05,-0.468652938317585
"gdp",1998,1999,0.06,-0.268700423380081
"gdp",1998,1999,0.07,-0.0933811836038063
"gdp",1998,1999,0.08,0.063596285053054
"gdp",1998,1999,0.09,0.206361012301041
"gdp",1998,1999,0.1,0.337776177674606
"gdp",1998,1999,0.11,0.459912860158659
"gdp",1998,1999,0.12,0.574320214169737
"gdp",1998,1999,0.13,0.68218901465051
"gdp",1998,1999,0.14,0.784455517916851
"gdp",1998,1999,0.15,0.881870073703722
"gdp",1998,1999,0.16,0.97504397504322
"gdp",1998,1999,0.17,1.06448236115457
"gdp",1998,1999,0.18,1.15060789230291
"gdp",1998,1999,0.19,1.23377814829101
"gdp",1998,1999,0.2,1.31429865414016
"gdp",1998,1999,0.21,1.39243279389785
"gdp",1998,1999,0.22,1.46840946782588
"gdp",1998,1999,0.23,1.54242908540571
"gdp",1998,1999,0.24,1.61466831236266
"gdp",1998,1999,0.25,1.68528387198372
"gdp",1998,1999,0.26,1.7544156196829
"gdp",1998,1999,0.27,1.82218905272985
"gdp",1998,1999,0.28,1.88871737642884
"gdp",1998,1999,0.29,1.95410321868205
"gdp",1998,1999,0.3,2.01844006338741
"gdp",1998,1999,0.31,2.08181345720744
"gdp",1998,1999,0.32,2.14430203232698
"gdp",1998,1999,0.33,2.205978378799
"gdp",1998,1999,0.34,2.26690979318918
"gdp",1998,1999,0.35,2.32715892492074
"gdp",1998,1999,0.36,2.38678433759713
"gdp",1998,1999,0.37,2.44584099935129
"gdp",1998,1999,0.38,2.50438071372599
"gdp",1998,1999,0.39,2.56245250057091
"gdp",1998,1999,0.4,2.62010293483259
"gdp",1998,1999,0.41,2.67737644982235
"gdp",1998,1999,0.42,2.734315610509
"gdp",1998,1999,0.43,2.79096136154373
"gdp",1998,1999,0.44,2.84735325404678
"gdp",1998,1999,0.45,2.9035296546357
"gdp",1998,1999,0.46,2.95952793973233
"gdp",1998,1999,0.47,3.01538467782863
"gdp",1998,1999,0.48,3.07113580210874
"gdp",1998,1999,0.49,3.12681677560228
"gdp",1998,1999,0.5,3.18246275087607
"gdp",1998,1999,0.51,3.23810872614985
"gdp",1998,1999,0.52,3.29378969964339
"gdp",1998,1999,0.53,3.3495408239235
"gdp",1998,1999,0.54,3.4053975620198
"gdp",1998,1999,0.55,3.46139584711643
"gdp",1998,1999,0.56,3.51757224770536
"gdp",1998,1999,0.57,3.5739641402084
"gdp",1998,1999,0.58,3.63060989124313
"gdp",1998,1999,0.59,3.68754905192978
"gdp",1998,1999,0.6,3.74482256691954
"gdp",1998,1999,0.61,3.80247300118122
"gdp",1998,1999,0.62,3.86054478802614
"gdp",1998,1999,0.63,3.91908450240084
"gdp",1998,1999,0.64,3.978141164155
"gdp",1998,1999,0.65,4.03776657683139
"gdp",1998,1999,0.66,4.09801570856295
"gdp",1998,1999,0.67,4.15894712295313
"gdp",1998,1999,0.68,4.22062346942515
"gdp",1998,1999,0.69,4.28311204454469
"gdp",1998,1999,0.7,4.34648543836473
"gdp",1998,1999,0.71,4.41082228307008
"gdp",1998,1999,0.72,4.47620812532329
"gdp",1998,1999,0.73,4.54273644902228
"gdp",1998,1999,0.74,4.61050988206923
"gdp",1998,1999,0.75,4.67964162976841
"gdp",1998,1999,0.76,4.75025718938947
"gdp",1998,1999,0.77,4.82249641634642
"gdp",1998,1999,0.78,4.89651603392625
"gdp",1998,1999,0.79,4.97249270785428
"gdp",1998,1999,0.8,5.05062684761197
"gdp",1998,1999,0.81,5.13114735346112
"gdp",1998,1999,0.82,5.21431760944922
"gdp",1998,1999,0.83,5.30044314059757
"gdp",1998,1999,0.84,5.38988152670891
"gdp",1998,1999,0.85,5.48305542804841
"gdp",1998,1999,0.86,5.58046998383528
"gdp",1998,1999,0.87,5.68273648710162
"gdp",1998,1999,0.88,5.79060528758239
"gdp",1998,1999,0.89,5.90501264159347
"gdp",1998,1999,0.9,6.02714932407752
"gdp",1998,1999,0.91,6.15856448945109
"gdp",1998,1999,0.92,6.30132921669908
"gdp",1998,1999,0.93,6.45830668535594
"gdp",1998,1999,0.94,6.63362592513221
"gdp",1998,1999,0.95,6.83357844006972
"gdp",1998,1999,0.96,7.06849691030962
"gdp",1998,1999,0.97,7.35729930674838
"gdp",1998,1999,0.98,7.74121177656882
"gdp",1998,1999,0.99,8.34630534590072
"cpi",1999,1999,0.01,-0.848145058418847
"cpi",1999,1999,0.02,-0.516224125233451
"cpi",1999,1999,0.03,-0.305630934852982
"cpi",1999,1999,0.04,-0.1472098810018
"cpi",1999,1999,0.05,-0.018346574867832
"cpi",1999,1999,0.06,0.0913363381799837
"cpi",1999,1999,0.07,0.187506796140967
"cpi",1999,1999,0.08,0.273615970864466
"cpi",1999,1999,0.09,0.351928820142357
"cpi",1999,1999,0.1,0.42401592623021
"cpi",1999,1999,0.11,0.491013368743169
"cpi",1999,1999,0.12,0.553770928286493
"cpi",1999,1999,0.13,0.612941798267312
"cpi",1999,1999,0.14,0.669039557222592
"cpi",1999,1999,0.15,0.722475805600375
"cpi",1999,1999,0.16,0.773585865016932
"cpi",1999,1999,0.17,0.822646826966093
"cpi",1999,1999,0.18,0.869890539540018
"cpi",1999,1999,0.19,0.915513151281401
"cpi",1999,1999,0.2,0.959682256353066
"cpi",1999,1999,0.21,1.00254233270563
"cpi",1999,1999,0.22,1.04421894238826
"cpi",1999,1999,0.23,1.08482201898061
"cpi",1999,1999,0.24,1.1244484715483
"cpi",1999,1999,0.25,1.16318426983601
"cpi",1999,1999,0.26,1.20110613080436
"cpi",1999,1999,0.27,1.2382828953285
"cpi",1999,1999,0.28,1.27477666158982
"cpi",1999,1999,0.29,1.31064372559079
"cpi",1999,1999,0.3,1.34593536743782
"cpi",1999,1999,0.31,1.38069851330813
"cpi",1999,1999,0.32,1.4149762964781
"cpi",1999,1999,0.33,1.4488085358441
"cpi",1999,1999,0.34,1.48223214658751
"cpi",1999,1999,0.35,1.51528149472392
"cpi",1999,1999,0.36,1.54798870501366
"cpi",1999,1999,0.37,1.58038392994044
"cpi",1999,1999,0.38,1.61249558606845
"cpi",1999,1999,0.39,1.64435056298152
"cpi",1999,1999,0.4,1.67597440912453
"cpi",1999,1999,0.41,1.70739149815954
"cpi",1999,1999,0.42,1.73862517887898
"cpi",1999,1999,0.43,1.76969791125853
"cpi",1999,1999,0.44,1.80063139085966
"cpi",1999,1999,0.45,1.83144666349107
"cpi",1999,1999,0.46,1.86216423179472
"cpi",1999,1999,0.47,1.89280415522687
"cpi",1999,1999,0.48,1.92338614474896
"cpi",1999,1999,0.49,1.95392965342159
"cpi",1999,1999,0.5,1.98445396400265
"cpi",1999,1999,0.51,2.0149782745837
"cpi",1999,1999,0.52,2.04552178325634
"cpi",1999,1999,0.53,2.07610377277843
"cpi",1999,1999,0.54,2.10674369621058
"cpi",1999,1999,0.55,2.13746126451423
"cpi",1999,1999,0.56,2.16827653714564
"cpi",1999,1999,0.57,2.19921001674676
"cpi",1999,1999,0.58,2.23028274912631
"cpi",1999,1999,0.59,2.26151642984576
"cpi",1999,1999,0.6,2.29293351888077
"cpi",1999,1999,0.61,2.32455736502378
"cpi",1999,1999,0.62,2.35641234193685
"cpi",1999,1999,0.63,2.38852399806486
"cpi",1999,1999,0.64,2.42091922299164
"cpi",1999,1999,0.65,2.45362643328138
"cpi",1999,1999,0.66,2.48667578141779
"cpi",1999,1999,0.67,2.5200993921612
"cpi",1999,1999,0.68,2.5539316315272
"cpi",1999,1999,0.69,2.58820941469717
"cpi",1999,1999,0.7,2.62297256056748
"cpi",1999,1999,0.71,2.65826420241451
"cpi",1999,1999,0.72,2.69413126641548
"cpi",1999,1999,0.73,2.7306250326768
"cpi",1999,1999,0.74,2.76780179720094
"cpi",1999,1999,0.75,2.80572365816929
"cpi",1999,1999,0.76,2.844459456457
"cpi",1999,1999,0.77,2.88408590902469
"cpi",1999,1999,0.78,2.92468898561704
"cpi",1999,1999,0.79,2.96636559529967
"cpi",1999,1999,0.8,3.00922567165223
"cpi",1999,1999,0.81,3.0533947767239
"cpi",1999,1999,0.82,3.09901738846528
"cpi",1999,1999,0.83,3.14626110103921
"cpi",1999,1999,0.84,3.19532206298837
"cpi",1999,1999,0.85,3.24643212240492
"cpi",1999,1999,0.86,3.29986837078271
"cpi",1999,1999,0.87,3.35596612973799
"cpi",1999,1999,0.88,3.41513699971881
"cpi",1999,1999,0.89,3.47789455926213
"cpi",1999,1999,0.9,3.54489200177509
"cpi",1999,1999,0.91,3.61697910786294
"cpi",1999,1999,0.92,3.69529195714083
"cpi",1999,1999,0.93,3.78140113186433
"cpi",1999,1999,0.94,3.87757158982532
"cpi",1999,1999,0.95,3.98725450287313
"cpi",1999,1999,0.96,4.1161178090071
"cpi",1999,1999,0.97,4.27453886285828
"cpi",1999,1999,0.98,4.48513205323875
"cpi",1999,1999,0.99,4.81705298642415
"cpi",1999,2000,0.01,-4.65010890419206
"cpi",1999,2000,0.02,-3.56331273829754
"cpi",1999,2000,0.03,-2.87377541483759
"cpi",1999,2000,0.04,-2.35506334606226
"cpi",1999,2000,0.05,-1.93313109344153
"cpi",1999,2000,0.06,-1.57400047694038
"cpi",1999,2000,0.07,-1.25911318139901
"cpi",1999,2000,0.08,-0.977169165275237
"cpi",1999,2000,0.09,-0.720752362879864
"cpi",1999,2000,0.1,-0.484720276096862
"cpi",1999,2000,0.11,-0.265353082382831
"cpi",1999,2000,0.12,-0.0598683772211794
"cpi",1999,2000,0.13,0.133872565872272
"cpi",1999,2000,0.14,0.317551337689355
"cpi",1999,2000,0.15,0.492515626019807
"cpi",1999,2000,0.16,0.659863361757613
"cpi",1999,2000,0.17,0.820501815107774
"cpi",1999,2000,0.18,0.975190117515282
"cpi",1999,2000,0.19,1.12457051073964
"cpi",1999,2000,0.2,1.26919174201361
"cpi",1999,2000,0.21,1.40952687003007
"cpi",1999,2000,0.22,1.5459870178607
"cpi",1999,2000,0.23,1.67893213687025
"cpi",1999,2000,0.24,1.80867953274933
"cpi",1999,2000,0.25,1.93551069298361
"cpi",1999,2000,0.26,2.05967680901755
"cpi",1999,2000,0.27,2.18140328392665
"cpi",1999,2000,0.28,2.30089344343914
"cpi",1999,2000,0.29,2.41833161542803
"cpi",1999,2000,0.3,2.53388570440758
"cpi",1999,2000,0.31,2.64770935898614
"cpi",1999,2000,0.32,2.75994380882025
"cpi",1999,2000,0.33,2.87071943141724
"cpi",1999,2000,0.34,2.98015709676029
"cpi",1999,2000,0.35,3.08836932819522
"cpi",1999,2000,0.36,3.19546131061064
"cpi",1999,2000,0.37,3.30153177114424
"cpi",1999,2000,0.38,3.40667375307808
"cpi",1999,2000,0.39,3.51097529996015
"cpi",1999,2000,0.4,3.6145200640979
"cpi",1999,2000,0.41,3.71738785125173
"cpi",1999,2000,0.42,3.81965511149021
"cpi",1999,2000,0.43,3.92139538466273
"cpi",1999,2000,0.44,4.02267970772621
"cpi",1999,2000,0.45,4.1235769901766
"cpi",1999,2000,0.46,4.22415436303958
"cpi",1999,2000,0.47,4.32447750623455
"cpi",1999,2000,0.48,4.42461095861751
"cpi",1999,2000,0.49,4.52461841460959
"cpi",1999,2000,0.5,4.62456301101603
"cpi",1999,2000,0.51,4.72450760742247
"cpi",1999,2000,0.52,4.82451506341455
"cpi",1999,2000,0.53,4.92464851579751
"cpi",1999,2000,0.54,5.02497165899248
"cpi",1999,2000,0.55,5.12554903185546
"cpi",1999,2000,0.56,5.22644631430585
"cpi",1999,2000,0.57,5.32773063736933
"cpi",1999,2000,0.58,5.42947091054185
"cpi",1999,2000,0.59,5.53173817078033
"cpi",1999,2000,0.6,5.63460595793416
"cpi",1999,2000,0.61,5.73815072207191
"cpi",1999,2000,0.62,5.84245226895398
"cpi",1999,2000,0.63,5.94759425088782
"cpi",1999,2000,0.64,6.05366471142142
"cpi",1999,2000,0.65,6.16075669383684
"cpi",1999,2000,0.66,6.26896892527178
"cpi",1999,2000,0.67,6.37840659061482
"cpi",1999,2000,0.68,6.48918221321181
"cpi",1999,2000,0.69,6.60141666304592
"cpi",1999,2000,0.7,6.71524031762448
"cpi",1999,2000,0.71,6.83079440660403
"cpi",1999,2000,0.72,6.94823257859292
"cpi",1999,2000,0.73,7.06772273810541
"cpi",1999,2000,0.74,7.18944921301451
"cpi",1999,2000,0.75,7.31361532904845
"cpi",1999,2000,0.76,7.44044648928273
"cpi",1999,2000,0.77,7.57019388516181
"cpi",1999,2000,0.78,7.70313900417136
"cpi",1999,2000,0.79,7.83959915200199
"cpi",1999,2000,0.8,7.97993428001845
"cpi",1999,2000,0.81,8.12455551129242
"cpi",1999,2000,0.82,8.27393590451678
"cpi",1999,2000,0.83,8.42862420692429
"cpi",1999,2000,0.84,8.58926266027445
"cpi",1999,2000,0.85,8.75661039601225
"cpi",1999,2000,0.86,8.93157468434271
"cpi",1999,2000,0.87,9.11525345615979
"cpi",1999,2000,0.88,9.30899439925324
"cpi",1999,2000,0.89,9.51447910441489
"cpi",1999,2000,0.9,9.73384629812892
"cpi",1999,2000,0.91,9.96987838491192
"cpi",1999,2000,0.92,10.2262951873073
"cpi",1999,2000,0.93,10.5082392034311
"cpi",1999,2000,0.94,10.8231264989724
"cpi",1999,2000,0.95,11.1822571154736
"cpi",1999,2000,0.96,11.6041893680943
"cpi",1999,2000,0.97,12.1229014368696
"cpi",1999,2000,0.98,12.8124387603296
"cpi",1999,2000,0.99,13.8992349262241
"gdp",1999,1999,0.01,-0.909985493343425
"gdp",1999,1999,0.02,-0.607463428082727
"gdp",1999,1999,0.03,-0.415522876842611
"gdp",1999,1999,0.04,-0.271133476837319
"gdp",1999,1999,0.05,-0.153683838654376
"gdp",1999,1999,0.06,-0.0537157496863292
"gdp",1999,1999,0.07,0.0339367080246564
"gdp",1999,1999,0.08,0.11241902947769
"gdp",1999,1999,0.09,0.183795560848083
"gdp",1999,1999,0.1,0.249497774935868
"gdp",1999,1999,0.11,0.310561126625363
"gdp",1999,1999,0.12,0.367760129838466
"gdp",1999,1999,0.13,0.421690123400731
"gdp",1999,1999,0.14,0.472819197221963
"gdp",1999,1999,0.15,0.521522495516202
"gdp",1999,1999,0.16,0.568105639826831
"gdp",1999,1999,0.17,0.61282117912741
"gdp",1999,1999,0.18,0.655880426283912
"gdp",1999,1999,0.19,0.697462156589789
"gdp",1999,1999,0.2,0.737719120074322
"gdp",1999,1999,0.21,0.77678299800144
"gdp",1999,1999,0.22,0.814768231150956
"gdp",1999,1999,0.23,0.85177501607644
"gdp",1999,1999,0.24,0.887891678423357
"gdp",1999,1999,0.25,0.923196573432719
"gdp",1999,1999,0.26,0.957759623098127
"gdp",1999,1999,0.27,0.991643570927567
"gdp",1999,1999,0.28,1.02490501494848
"gdp",1999,1999,0.29,1.0575952649194
"gdp",1999,1999,0.3,1.08976105897024
"gdp",1999,1999,0.31,1.12144516693752
"gdp",1999,1999,0.32,1.15268690170134
"gdp",1999,1999,0.33,1.18352255532273
"gdp",1999,1999,0.34,1.21398577333532
"gdp",1999,1999,0.35,1.24410787789135
"gdp",1999,1999,0.36,1.27391814840008
"gdp",1999,1999,0.37,1.30344406668244
"gdp",1999,1999,0.38,1.3327115323935
"gdp",1999,1999,0.39,1.36174505345555
"gdp",1999,1999,0.4,1.39056791543915
"gdp",1999,1999,0.41,1.41920233318478
"gdp",1999,1999,0.42,1.44766958743795
"gdp",1999,1999,0.43,1.47599014885161
"gdp",1999,1999,0.44,1.5041837913701
"gdp",1999,1999,0.45,1.53226969673485
"gdp",1999,1999,0.46,1.56026655162986
"gdp",1999,1999,0.47,1.58819263880721
"gdp",1999,1999,0.48,1.61606592339103
"gdp",1999,1999,0.49,1.64390413544737
"gdp",1999,1999,0.5,1.67172484982359
"gdp",1999,1999,0.51,1.69954556419981
"gdp",1999,1999,0.52,1.72738377625616
"gdp",1999,1999,0.53,1.75525706083997
"gdp",1999,1999,0.54,1.78318314801733
"gdp",1999,1999,0.55,1.81118000291234
"gdp",1999,1999,0.56,1.83926590827709
"gdp",1999,1999,0.57,1.86745955079557
"gdp",1999,1999,0.58,1.89578011220923
"gdp",1999,1999,0.59,1.92424736646241
"gdp",1999,1999,0.6,1.95288178420804
"gdp",1999,1999,0.61,1.98170464619164
"gdp",1999,1999,0.62,2.01073816725368
"gdp",1999,1999,0.63,2.04000563296474
"gdp",1999,1999,0.64,2.0695315512471
"gdp",1999,1999,0.65,2.09934182175583
"gdp",1999,1999,0.66,2.12946392631186
"gdp",1999,1999,0.67,2.15992714432445
"gdp",1999,1999,0.68,2.19076279794584
"gdp",1999,1999,0.69,2.22200453270966
"gdp",1999,1999,0.7,2.25368864067694
"gdp",1999,1999,0.71,2.28585443472779
"gdp",1999,1999,0.72,2.3185446846987
"gdp",1999,1999,0.73,2.35180612871962
"gdp",1999,1999,0.74,2.38569007654906
"gdp",1999,1999,0.75,2.42025312621446
"gdp",1999,1999,0.76,2.45555802122383
"gdp",1999,1999,0.77,2.49167468357074
"gdp",1999,1999,0.78,2.52868146849623
"gdp",1999,1999,0.79,2.56666670164574
"gdp",1999,1999,0.8,2.60573057957286
"gdp",1999,1999,0.81,2.64598754305739
"gdp",1999,1999,0.82,2.68756927336327
"gdp",1999,1999,0.83,2.73062852051977
"gdp",1999,1999,0.84,2.77534405982035
"gdp",1999,1999,0.85,2.82192720413098
"gdp",1999,1999,0.86,2.87063050242522
"gdp",1999,1999,0.87,2.92175957624645
"gdp",1999,1999,0.88,2.97568956980872
"gdp",1999,1999,0.89,3.03288857302182
"gdp",1999,1999,0.9,3.09395192471131
"gdp",1999,1999,0.91,3.1596541387991
"gdp",1999,1999,0.92,3.23103067016949
"gdp",1999,1999,0.93,3.30951299162253
"gdp",1999,1999,0.94,3.39716544933351
"gdp",1999,1999,0.95,3.49713353830156
"gdp",1999,1999,0.96,3.6145831764845
"gdp",1999,1999,0.97,3.75897257648979
"gdp",1999,1999,0.98,3.95091312772991
"gdp",1999,1999,0.99,4.25343519299061
"gdp",1999,2000,0.01,-1.84316189781768
"gdp",1999,2000,0.02,-1.24052519387682
"gdp",1999,2000,0.03,-0.858171526377379
"gdp",1999,2000,0.04,-0.570541756204409
"gdp",1999,2000,0.05,-0.336577126971097
"gdp",1999,2000,0.06,-0.137436480542367
"gdp",1999,2000,0.07,0.0371709093739483
"gdp",1999,2000,0.08,0.193511001384511
"gdp",1999,2000,0.09,0.335696060073427
"gdp",1999,2000,0.1,0.466577639588491
"gdp",1999,2000,0.11,0.588218409699018
"gdp",1999,2000,0.12,0.702161234779701
"gdp",1999,2000,0.13,0.809592054861893
"gdp",1999,2000,0.14,0.911443324773802
"gdp",1999,2000,0.15,1.00846234760044
"gdp",1999,2000,0.16,1.10125793433679
"gdp",1999,2000,0.17,1.19033317318198
"gdp",1999,2000,0.18,1.27610900827093
"gdp",1999,2000,0.19,1.35894156752276
"gdp",1999,2000,0.2,1.43913513543351
"gdp",1999,2000,0.21,1.51695202663072
"gdp",1999,2000,0.22,1.59262021197093
"gdp",1999,2000,0.23,1.66633928721168
"gdp",1999,2000,0.24,1.73828520076128
"gdp",1999,2000,0.25,1.80861403956213
"gdp",1999,2000,0.26,1.87746509117238
"gdp",1999,2000,0.27,1.94496334330431
"gdp",1999,2000,0.28,2.01122154161393
"gdp",1999,2000,0.29,2.07634189730268
"gdp",1999,2000,0.3,2.14041751469521
"gdp",1999,2000,0.31,2.20353359310838
"gdp",1999,2000,0.32,2.26576844545622
"gdp",1999,2000,0.33,2.32719436705385
"gdp",1999,2000,0.34,2.38787838122226
"gdp",1999,2000,0.35,2.44788288300881
"gdp",1999,2000,0.36,2.50726619823076
"gdp",1999,2000,0.37,2.56608307183359
"gdp",1999,2000,0.38,2.62438509702179
"gdp",1999,2000,0.39,2.68222109460944
"gdp",1999,2000,0.4,2.73963745043449
"gdp",1999,2000,0.41,2.79667841739544
"gdp",1999,2000,0.42,2.85338638763423
"gdp",1999,2000,0.43,2.90980213955425
"gdp",1999,2000,0.44,2.96596506368604
"gdp",1999,2000,0.45,3.02191337086694
"gdp",1999,2000,0.46,3.07768428575905
"gdp",1999,2000,0.47,3.13331422837505
"gdp",1999,2000,0.48,3.18883898599933
"gdp",1999,2000,0.49,3.24429387767073
"gdp",1999,2000,0.5,3.29971391322588
"gdp",1999,2000,0.51,3.35513394878103
"gdp",1999,2000,0.52,3.41058884045244
"gdp",1999,2000,0.53,3.46611359807672
"gdp",1999,2000,0.54,3.52174354069272
"gdp",1999,2000,0.55,3.57751445558482
"gdp",1999,2000,0.56,3.63346276276573
"gdp",1999,2000,0.57,3.68962568689752
"gdp",1999,2000,0.58,3.74604143881754
"gdp",1999,2000,0.59,3.80274940905633
"gdp",1999,2000,0.6,3.85979037601727
"gdp",1999,2000,0.61,3.91720673184233
"gdp",1999,2000,0.62,3.97504272942998
"gdp",1999,2000,0.63,4.03334475461818
"gdp",1999,2000,0.64,4.09216162822101
"gdp",1999,2000,0.65,4.15154494344295
"gdp",1999,2000,0.66,4.21154944522951
"gdp",1999,2000,0.67,4.27223345939792
"gdp",1999,2000,0.68,4.33365938099555
"gdp",1999,2000,0.69,4.39589423334339
"gdp",1999,2000,0.7,4.45901031175655
"gdp",1999,2000,0.71,4.52308592914908
"gdp",1999,2000,0.72,4.58820628483784
"gdp",1999,2000,0.73,4.65446448314746
"gdp",1999,2000,0.74,4.72196273527938
"gdp",1999,2000,0.75,4.79081378688964
"gdp",1999,2000,0.76,4.86114262569049
"gdp",1999,2000,0.77,4.93308853924008
"gdp",1999,2000,0.78,5.00680761448084
"gdp",1999,2000,0.79,5.08247579982105
"gdp",1999,2000,0.8,5.16029269101825
"gdp",1999,2000,0.81,5.24048625892901
"gdp",1999,2000,0.82,5.32331881818084
"gdp",1999,2000,0.83,5.40909465326978
"gdp",1999,2000,0.84,5.49816989211498
"gdp",1999,2000,0.85,5.59096547885133
"gdp",1999,2000,0.86,5.68798450167796
"gdp",1999,2000,0.87,5.78983577158987
"gdp",1999,2000,0.88,5.89726659167207
"gdp",1999,2000,0.89,6.01120941675275
"gdp",1999,2000,0.9,6.13285018686328
"gdp",1999,2000,0.91,6.26373176637834
"gdp",1999,2000,0.92,6.40591682506726
"gdp",1999,2000,0.93,6.56225691707782
"gdp",1999,2000,0.94,6.73686430699414
"gdp",1999,2000,0.95,6.93600495342286
"gdp",1999,2000,0.96,7.16996958265618
"gdp",1999,2000,0.97,7.45759935282914
"gdp",1999,2000,0.98,7.83995302032859
"gdp",1999,2000,0.99,8.44258972426945
"cpi",2000,2000,0.01,0.12857299627496
"cpi",2000,2000,0.02,0.457148107269925
"cpi",2000,2000,0.03,0.665618480741058
"cpi",2000,2000,0.04,0.822442622121792
"cpi",2000,2000,0.05,0.950006963152663
"cpi",2000,2000,0.06,1.05858425287969
"cpi",2000,2000,0.07,1.15378529547654
"cpi",2000,2000,0.08,1.23902647436493
"cpi",2000,2000,0.09,1.31654991615835
"cpi",2000,2000,0.1,1.38791037136318
"cpi",2000,2000,0.11,1.45423246770947
"cpi",2000,2000,0.12,1.51635741986247
"cpi",2000,2000,0.13,1.57493183692329
"cpi",2000,2000,0.14,1.63046412046566
"cpi",2000,2000,0.15,1.68336172193172
"cpi",2000,2000,0.16,1.73395658283606
"cpi",2000,2000,0.17,1.78252300154085
"cpi",2000,2000,0.18,1.82929048906813
"cpi",2000,2000,0.19,1.87445321674832
"cpi",2000,2000,0.2,1.91817708936518
"cpi",2000,2000,0.21,1.96060512850585
"cpi",2000,2000,0.22,2.00186163053164
"cpi",2000,2000,0.23,2.04205542087212
"cpi",2000,2000,0.24,2.08128243173223
"cpi",2000,2000,0.25,2.11962776626633
"cpi",2000,2000,0.26,2.15716736811437
"cpi",2000,2000,0.27,2.19396938422322
"cpi",2000,2000,0.28,2.23009528681353
"cpi",2000,2000,0.29,2.265600804414
"cpi",2000,2000,0.3,2.30053670021846
"cpi",2000,2000,0.31,2.33494942737988
"cpi",2000,2000,0.32,2.36888168438352
"cpi",2000,2000,0.33,2.40237288874416
"cpi",2000,2000,0.34,2.43545958353161
"cpi",2000,2000,0.35,2.46817578834586
"cpi",2000,2000,0.36,2.50055330412395
"cpi",2000,2000,0.37,2.53262197940717
"cpi",2000,2000,0.38,2.56440994431566
"cpi",2000,2000,0.39,2.59594381738147
"cpi",2000,2000,0.4,2.6272488895166
"cpi",2000,2000,0.41,2.65834928869224
"cpi",2000,2000,0.42,2.68926812834084
"cpi",2000,2000,0.43,2.72002764203751
"cpi",2000,2000,0.44,2.75064930664859
"cpi",2000,2000,0.45,2.78115395583729
"cpi",2000,2000,0.46,2.81156188557527
"cpi",2000,2000,0.47,2.84189295311591
"cpi",2000,2000,0.48,2.87216667073062
"cpi",2000,2000,0.49,2.9024022953897
"cpi",2000,2000,0.5,2.9326189154774
"cpi",2000,2000,0.51,2.96283553556509
"cpi",2000,2000,0.52,2.99307116022417
"cpi",2000,2000,0.53,3.02334487783888
"cpi",2000,2000,0.54,3.05367594537952
"cpi",2000,2000,0.55,3.08408387511751
"cpi",2000,2000,0.56,3.1145885243062
"cpi",2000,2000,0.57,3.14521018891728
"cpi",2000,2000,0.58,3.17596970261395
"cpi",2000,2000,0.59,3.20688854226255
"cpi",2000,2000,0.6,3.23798894143819
"cpi",2000,2000,0.61,3.26929401357332
"cpi",2000,2000,0.62,3.30082788663913
"cpi",2000,2000,0.63,3.33261585154762
"cpi",2000,2000,0.64,3.36468452683084
"cpi",2000,2000,0.65,3.39706204260893
"cpi",2000,2000,0.66,3.42977824742318
"cpi",2000,2000,0.67,3.46286494221063
"cpi",2000,2000,0.68,3.49635614657127
"cpi",2000,2000,0.69,3.53028840357491
"cpi",2000,2000,0.7,3.56470113073633
"cpi",2000,2000,0.71,3.59963702654079
"cpi",2000,2000,0.72,3.63514254414127
"cpi",2000,2000,0.73,3.67126844673157
"cpi",2000,2000,0.74,3.70807046284042
"cpi",2000,2000,0.75,3.74561006468847
"cpi",2000,2000,0.76,3.78395539922256
"cpi",2000,2000,0.77,3.82318241008268
"cpi",2000,2000,0.78,3.86337620042316
"cpi",2000,2000,0.79,3.90463270244894
"cpi",2000,2000,0.8,3.94706074158961
"cpi",2000,2000,0.81,3.99078461420648
"cpi",2000,2000,0.82,4.03594734188666
"cpi",2000,2000,0.83,4.08271482941394
"cpi",2000,2000,0.84,4.13128124811873
"cpi",2000,2000,0.85,4.18187610902307
"cpi",2000,2000,0.86,4.23477371048913
"cpi",2000,2000,0.87,4.2903059940315
"cpi",2000,2000,0.88,4.34888041109232
"cpi",2000,2000,0.89,4.41100536324532
"cpi",2000,2000,0.9,4.47732745959161
"cpi",2000,2000,0.91,4.54868791479644
"cpi",2000,2000,0.92,4.62621135658986
"cpi",2000,2000,0.93,4.71145253547825
"cpi",2000,2000,0.94,4.8066535780751
"cpi",2000,2000,0.95,4.91523086780213
"cpi",2000,2000,0.96,5.042795208833
"cpi",2000,2000,0.97,5.19961935021373
"cpi",2000,2000,0.98,5.40808972368486
"cpi",2000,2000,0.99,5.73666483467983
"cpi",2000,2001,0.01,-4.15795244112447
"cpi",2000,2001,0.02,-3.07830075163707
"cpi",2000,2001,0.03,-2.39329636939819
"cpi",2000,2001,0.04,-1.87799425573106
"cpi",2000,2001,0.05,-1.45883573853455
"cpi",2000,2001,0.06,-1.10206600652783
"cpi",2000,2001,0.07,-0.789248744838711
"cpi",2000,2001,0.08,-0.509158197133895
"cpi",2000,2001,0.09,-0.254427050110332
"cpi",2000,2001,0.1,-0.019946611859285
"cpi",2000,2001,0.11,0.197978486465407
"cpi",2000,2001,0.12,0.402112358164334
"cpi",2000,2001,0.13,0.594579669973039
"cpi",2000,2001,0.14,0.777050958093623
"cpi",2000,2001,0.15,0.950865050767066
"cpi",2000,2001,0.16,1.11711266121249
"cpi",2000,2001,0.17,1.27669509534207
"cpi",2000,2001,0.18,1.43036649415561
"cpi",2000,2001,0.19,1.57876487738714
"cpi",2000,2001,0.2,1.7224353848665
"cpi",2000,2001,0.21,1.86184796545165
"cpi",2000,2001,0.22,1.99741103953719
"cpi",2000,2001,0.23,2.12948219220787
"cpi",2000,2001,0.24,2.25837664322219
"cpi",2000,2001,0.25,2.38437402959857
"cpi",2000,2001,0.26,2.50772389147704
"cpi",2000,2001,0.27,2.62865015015847
"cpi",2000,2001,0.28,2.74735479473052
"cpi",2000,2001,0.29,2.86402094131539
"cpi",2000,2001,0.3,2.97881539064183
"cpi",2000,2001,0.31,3.09189078124944
"cpi",2000,2001,0.32,3.20338741436679
"cpi",2000,2001,0.33,3.31343481041407
"cpi",2000,2001,0.34,3.4221530447887
"cpi",2000,2001,0.35,3.52965390112065
"cpi",2000,2001,0.36,3.63604187282479
"cpi",2000,2001,0.37,3.74141503801768
"cpi",2000,2001,0.38,3.84586582832526
"cpi",2000,2001,0.39,3.94948170850707
"cpi",2000,2001,0.4,4.05234578094965
"cpi",2000,2001,0.41,4.15453732677926
"cpi",2000,2001,0.42,4.25613229349029
"cpi",2000,2001,0.43,4.35720373748937
"cpi",2000,2001,0.44,4.45782222874441
"cpi",2000,2001,0.45,4.55805622374806
"cpi",2000,2001,0.46,4.65797241221413
"cpi",2000,2001,0.47,4.75763604228958
"cpi",2000,2001,0.48,4.8571112285592
"cpi",2000,2001,0.49,4.95646124672413
"cpi",2000,2001,0.5,5.05574881853529
"cpi",2000,2001,0.51,5.15503639034646
"cpi",2000,2001,0.52,5.25438640851138
"cpi",2000,2001,0.53,5.353861594781
"cpi",2000,2001,0.54,5.45352522485646
"cpi",2000,2001,0.55,5.55344141332252
"cpi",2000,2001,0.56,5.65367540832617
"cpi",2000,2001,0.57,5.75429389958121
"cpi",2000,2001,0.58,5.85536534358029
"cpi",2000,2001,0.59,5.95696031029132
"cpi",2000,2001,0.6,6.05915185612093
"cpi",2000,2001,0.61,6.16201592856351
"cpi",2000,2001,0.62,6.26563180874532
"cpi",2000,2001,0.63,6.3700825990529
"cpi",2000,2001,0.64,6.47545576424579
"cpi",2000,2001,0.65,6.58184373594994
"cpi",2000,2001,0.66,6.68934459228188
"cpi",2000,2001,0.67,6.79806282665652
"cpi",2000,2001,0.68,6.90811022270379
"cpi",2000,2001,0.69,7.01960685582114
"cpi",2000,2001,0.7,7.13268224642875
"cpi",2000,2001,0.71,7.2474766957552
"cpi",2000,2001,0.72,7.36414284234006
"cpi",2000,2001,0.73,7.48284748691211
"cpi",2000,2001,0.74,7.60377374559355
"cpi",2000,2001,0.75,7.72712360747201
"cpi",2000,2001,0.76,7.85312099384839
"cpi",2000,2001,0.77,7.98201544486271
"cpi",2000,2001,0.78,8.11408659753339
"cpi",2000,2001,0.79,8.24964967161893
"cpi",2000,2001,0.8,8.38906225220408
"cpi",2000,2001,0.81,8.53273275968344
"cpi",2000,2001,0.82,8.68113114291497
"cpi",2000,2001,0.83,8.83480254172851
"cpi",2000,2001,0.84,8.99438497585809
"cpi",2000,2001,0.85,9.16063258630352
"cpi",2000,2001,0.86,9.33444667897696
"cpi",2000,2001,0.87,9.51691796709754
"cpi",2000,2001,0.88,9.70938527890625
"cpi",2000,2001,0.89,9.91351915060517
"cpi",2000,2001,0.9,10.1314442489299
"cpi",2000,2001,0.91,10.3659246871809
"cpi",2000,2001,0.92,10.6206558342045
"cpi",2000,2001,0.93,10.9007463819093
"cpi",2000,2001,0.94,11.2135636435984
"cpi",2000,2001,0.95,11.5703333756051
"cpi",2000,2001,0.96,11.9894918928016
"cpi",2000,2001,0.97,12.5047940064688
"cpi",2000,2001,0.98,13.1897983887077
"cpi",2000,2001,0.99,14.2694500781951
"gdp",2000,2000,0.01,1.60767259735329
"gdp",2000,2000,0.02,1.90704283014879
"gdp",2000,2000,0.03,2.09698364474073
"gdp",2000,2000,0.04,2.23986872076167
"gdp",2000,2000,0.05,2.35609470743235
"gdp",2000,2000,0.06,2.45502127677431
"gdp",2000,2000,0.07,2.54176052552109
"gdp",2000,2000,0.08,2.61942517726634
"gdp",2000,2000,0.09,2.69005807075157
"gdp",2000,2000,0.1,2.7550757649475
"gdp",2000,2000,0.11,2.81550292683007
"gdp",2000,2000,0.12,2.87210600103169
"gdp",2000,2000,0.13,2.9254741238279
"gdp",2000,2000,0.14,2.97607050832398
"gdp",2000,2000,0.15,3.02426639028615
"gdp",2000,2000,0.16,3.07036420713334
"gdp",2000,2000,0.17,3.11461387665233
"gdp",2000,2000,0.18,3.15722451014161
"gdp",2000,2000,0.19,3.19837302032047
"gdp",2000,2000,0.2,3.23821056578883
"gdp",2000,2000,0.21,3.27686745588661
"gdp",2000,2000,0.22,3.31445693908997
"gdp",2000,2000,0.23,3.35107816805258
"gdp",2000,2000,0.24,3.38681854819734
"gdp",2000,2000,0.25,3.42175561841952
"gdp",2000,2000,0.26,3.45595857222899
"gdp",2000,2000,0.27,3.48948949943917
"gdp",2000,2000,0.28,3.52240440840978
"gdp",2000,2000,0.29,3.55475407432754
"gdp",2000,2000,0.3,3.58658474838022
"gdp",2000,2000,0.31,3.61793875480586
"gdp",2000,2000,0.32,3.64885499690251
"gdp",2000,2000,0.33,3.67936938862162
"gdp",2000,2000,0.34,3.7095152249601
"gdp",2000,2000,0.35,3.73932350173971
"gdp",2000,2000,0.36,3.76882319332156
"gdp",2000,2000,0.37,3.79804149520666
"gdp",2000,2000,0.38,3.82700403721398
"gdp",2000,2000,0.39,3.85573507192951
"gdp",2000,2000,0.4,3.8842576423226
"gdp",2000,2000,0.41,3.91259373178797
"gdp",2000,2000,0.42,3.94076439935722
"gdp",2000,2000,0.43,3.96878990240936
"gdp",2000,2000,0.44,3.99668980887351
"gdp",2000,2000,0.45,4.0244831006457
"gdp",2000,2000,0.46,4.05218826972234
"gdp",2000,2000,0.47,4.07982340837627
"gdp",2000,2000,0.48,4.10740629456159
"gdp",2000,2000,0.49,4.13495447362329
"gdp",2000,2000,0.5,4.16248533730482
"gdp",2000,2000,0.51,4.19001620098635
"gdp",2000,2000,0.52,4.21756438004805
"gdp",2000,2000,0.53,4.24514726623337
"gdp",2000,2000,0.54,4.2727824048873
"gdp",2000,2000,0.55,4.30048757396393
"gdp",2000,2000,0.56,4.32828086573613
"gdp",2000,2000,0.57,4.35618077220027
"gdp",2000,2000,0.58,4.38420627525242
"gdp",2000,2000,0.59,4.41237694282167
"gdp",2000,2000,0.6,4.44071303228703
"gdp",2000,2000,0.61,4.46923560268013
"gdp",2000,2000,0.62,4.49796663739565
"gdp",2000,2000,0.63,4.52692917940298
"gdp",2000,2000,0.64,4.55614748128807
"gdp",2000,2000,0.65,4.58564717286993
"gdp",2000,2000,0.66,4.61545544964954
"gdp",2000,2000,0.67,4.64560128598802
"gdp",2000,2000,0.68,4.67611567770712
"gdp",2000,2000,0.69,4.70703191980378
"gdp",2000,2000,0.7,4.73838592622942
"gdp",2000,2000,0.71,4.77021660028209
"gdp",2000,2000,0.72,4.80256626619986
"gdp",2000,2000,0.73,4.83548117517047
"gdp",2000,2000,0.74,4.86901210238065
"gdp",2000,2000,0.75,4.90321505619011
"gdp",2000,2000,0.76,4.9381521264123
"gdp",2000,2000,0.77,4.97389250655705
"gdp",2000,2000,0.78,5.01051373551967
"gdp",2000,2000,0.79,5.04810321872303
"gdp",2000,2000,0.8,5.08676010882081
"gdp",2000,2000,0.81,5.12659765428917
"gdp",2000,2000,0.82,5.16774616446803
"gdp",2000,2000,0.83,5.2103567979573
"gdp",2000,2000,0.84,5.2546064674763
"gdp",2000,2000,0.85,5.30070428432349
"gdp",2000,2000,0.86,5.34890016628565
"gdp",2000,2000,0.87,5.39949655078174
"gdp",2000,2000,0.88,5.45286467357795
"gdp",2000,2000,0.89,5.50946774777957
"gdp",2000,2000,0.9,5.56989490966214
"gdp",2000,2000,0.91,5.63491260385806
"gdp",2000,2000,0.92,5.70554549734329
"gdp",2000,2000,0.93,5.78321014908855
"gdp",2000,2000,0.94,5.86994939783532
"gdp",2000,2000,0.95,5.96887596717729
"gdp",2000,2000,0.96,6.08510195384796
"gdp",2000,2000,0.97,6.22798702986891
"gdp",2000,2000,0.98,6.41792784446084
"gdp",2000,2000,0.99,6.71729807725635
"gdp",2000,2001,0.01,-1.69850735617637
"gdp",2000,2001,0.02,-1.10183655845481
"gdp",2000,2001,0.03,-0.723268067178432
"gdp",2000,2001,0.04,-0.438485737633471
"gdp",2000,2001,0.05,-0.20683728168916
"gdp",2000,2001,0.06,-0.0096680625121639
"gdp",2000,2001,0.07,0.163210771365953
"gdp",2000,2001,0.08,0.318003147611524
"gdp",2000,2001,0.09,0.458780620734582
"gdp",2000,2001,0.1,0.588366515429729
"gdp",2000,2001,0.11,0.708803081710359
"gdp",2000,2001,0.12,0.821617910098593
"gdp",2000,2001,0.13,0.927985200207451
"gdp",2000,2001,0.14,1.02882817586739
"gdp",2000,2001,0.15,1.12488674210735
"gdp",2000,2001,0.16,1.21676368289264
"gdp",2000,2001,0.17,1.30495710601381
"gdp",2000,2001,0.18,1.38988378839653
"gdp",2000,2001,0.19,1.47189633241004
"gdp",2000,2001,0.2,1.55129601023342
"gdp",2000,2001,0.21,1.6283425396652
"gdp",2000,2001,0.22,1.70326163472503
"gdp",2000,2001,0.23,1.77625091523774
"gdp",2000,2001,0.24,1.84748458777995
"gdp",2000,2001,0.25,1.91711719408442
"gdp",2000,2001,0.26,1.98528664280803
"gdp",2000,2001,0.27,2.05211668432558
"gdp",2000,2001,0.28,2.11771894814798
"gdp",2000,2001,0.29,2.18219463361923
"gdp",2000,2001,0.3,2.24563592336161
"gdp",2000,2001,0.31,2.3081271732466
"gdp",2000,2001,0.32,2.36974592091603
"gdp",2000,2001,0.33,2.43056374598505
"gdp",2000,2001,0.34,2.49064700826567
"gdp",2000,2001,0.35,2.55005748511473
"gdp",2000,2001,0.36,2.60885292494294
"gdp",2000,2001,0.37,2.66708753073876
"gdp",2000,2001,0.38,2.72481238495083
"gdp",2000,2001,0.39,2.78207582508313
"gdp",2000,2001,0.4,2.838923777769
"gdp",2000,2001,0.41,2.89540005781771
"gdp",2000,2001,0.42,2.95154663770288
"gdp",2000,2001,0.43,3.00740389213504
"gdp",2000,2001,0.44,3.06301082169135
"gdp",2000,2001,0.45,3.11840525893439
"gdp",2000,2001,0.46,3.17362406001425
"gdp",2000,2001,0.47,3.22870328439743
"gdp",2000,2001,0.48,3.28367836508588
"gdp",2000,2001,0.49,3.33858427147154
"gdp",2000,2001,0.5,3.3934556668051
"gdp",2000,2001,0.51,3.44832706213865
"gdp",2000,2001,0.52,3.50323296852431
"gdp",2000,2001,0.53,3.55820804921277
"gdp",2000,2001,0.54,3.61328727359594
"gdp",2000,2001,0.55,3.6685060746758
"gdp",2000,2001,0.56,3.72390051191884
"gdp",2000,2001,0.57,3.77950744147515
"gdp",2000,2001,0.58,3.83536469590731
"gdp",2000,2001,0.59,3.89151127579248
"gdp",2000,2001,0.6,3.94798755584119
"gdp",2000,2001,0.61,4.00483550852706
"gdp",2000,2001,0.62,4.06209894865936
"gdp",2000,2001,0.63,4.11982380287143
"gdp",2000,2001,0.64,4.17805840866725
"gdp",2000,2001,0.65,4.23685384849547
"gdp",2000,2001,0.66,4.29626432534452
"gdp",2000,2001,0.67,4.35634758762515
"gdp",2000,2001,0.68,4.41716541269416
"gdp",2000,2001,0.69,4.47878416036359
"gdp",2000,2001,0.7,4.54127541024859
"gdp",2000,2001,0.71,4.60471669999096
"gdp",2000,2001,0.72,4.66919238546221
"gdp",2000,2001,0.73,4.73479464928461
"gdp",2000,2001,0.74,4.80162469080217
"gdp",2000,2001,0.75,4.86979413952577
"gdp",2000,2001,0.76,4.93942674583024
"gdp",2000,2001,0.77,5.01066041837245
"gdp",2000,2001,0.78,5.08364969888517
"gdp",2000,2001,0.79,5.15856879394499
"gdp",2000,2001,0.8,5.23561532337677
"gdp",2000,2001,0.81,5.31501500120015
"gdp",2000,2001,0.82,5.39702754521366
"gdp",2000,2001,0.83,5.48195422759638
"gdp",2000,2001,0.84,5.57014765071755
"gdp",2000,2001,0.85,5.66202459150284
"gdp",2000,2001,0.86,5.7580831577428
"gdp",2000,2001,0.87,5.85892613340274
"gdp",2000,2001,0.88,5.9652934235116
"gdp",2000,2001,0.89,6.07810825189983
"gdp",2000,2001,0.9,6.19854481818046
"gdp",2000,2001,0.91,6.32813071287561
"gdp",2000,2001,0.92,6.46890818599867
"gdp",2000,2001,0.93,6.62370056224424
"gdp",2000,2001,0.94,6.79657939612236
"gdp",2000,2001,0.95,6.99374861529935
"gdp",2000,2001,0.96,7.22539707124367
"gdp",2000,2001,0.97,7.51017940078862
"gdp",2000,2001,0.98,7.888747892065
"gdp",2000,2001,0.99,8.48541868978656
"cpi",2001,2001,0.01,0.73340726141167
"cpi",2001,2001,0.02,1.05856385672624
"cpi",2001,2001,0.03,1.26486529159929
"cpi",2001,2001,0.04,1.42005782495971
"cpi",2001,2001,0.05,1.54629497873421
"cpi",2001,2001,0.06,1.65374262365539
"cpi",2001,2001,0.07,1.74795318874491
"cpi",2001,2001,0.08,1.83230751316109
"cpi",2001,2001,0.09,1.90902439629409
"cpi",2001,2001,0.1,1.97964241293035
"cpi",2001,2001,0.11,2.04527449010377
"cpi",2001,2001,0.12,2.10675309043043
"cpi",2001,2001,0.13,2.16471809565057
"cpi",2001,2001,0.14,2.21967261789665
"cpi",2001,2001,0.15,2.27201986946092
"cpi",2001,2001,0.16,2.32208833831803
"cpi",2001,2001,0.17,2.37014946901308
"cpi",2001,2001,0.18,2.41643038472133
"cpi",2001,2001,0.19,2.46112323660272
"cpi",2001,2001,0.2,2.50439220335744
"cpi",2001,2001,0.21,2.5463788185672
"cpi",2001,2001,0.22,2.58720608540635
"cpi",2001,2001,0.23,2.62698169707798
"cpi",2001,2001,0.24,2.66580058770247
"cpi",2001,2001,0.25,2.7037469750157
"cpi",2001,2001,0.26,2.74089601253536
"cpi",2001,2001,0.27,2.77731513820324
"cpi",2001,2001,0.28,2.81306518467925
"cpi",2001,2001,0.29,2.84820130068905
"cpi",2001,2001,0.3,2.88277372128306
"cpi",2001,2001,0.31,2.9168284163128
"cpi",2001,2001,0.32,2.95040764002586
"cpi",2001,2001,0.33,2.98355039983477
"cpi",2001,2001,0.34,3.01629285861298
"cpi",2001,2001,0.35,3.04866868201848
"cpi",2001,2001,0.36,3.0807093401294
"cpi",2001,2001,0.37,3.11244437094097
"cpi",2001,2001,0.38,3.14390161190583
"cpi",2001,2001,0.39,3.17510740461518
"cpi",2001,2001,0.4,3.20608677685281
"cpi",2001,2001,0.41,3.23686360556103
"cpi",2001,2001,0.42,3.26746076369871
"cpi",2001,2001,0.43,3.29790025352146
"cpi",2001,2001,0.44,3.32820332844899
"cpi",2001,2001,0.45,3.3583906053898
"cpi",2001,2001,0.46,3.38848216915502
"cpi",2001,2001,0.47,3.41849767040192
"cpi",2001,2001,0.48,3.44845641839505
"cpi",2001,2001,0.49,3.47837746975402
"cpi",2001,2001,0.5,3.50827971426632
"cpi",2001,2001,0.51,3.53818195877862
"cpi",2001,2001,0.52,3.56810301013758
"cpi",2001,2001,0.53,3.59806175813071
"cpi",2001,2001,0.54,3.62807725937761
"cpi",2001,2001,0.55,3.65816882314283
"cpi",2001,2001,0.56,3.68835610008364
"cpi",2001,2001,0.57,3.71865917501117
"cpi",2001,2001,0.58,3.74909866483393
"cpi",2001,2001,0.59,3.7796958229716
"cpi",2001,2001,0.6,3.81047265167982
"cpi",2001,2001,0.61,3.84145202391745
"cpi",2001,2001,0.62,3.8726578166268
"cpi",2001,2001,0.63,3.90411505759166
"cpi",2001,2001,0.64,3.93585008840323
"cpi",2001,2001,0.65,3.96789074651415
"cpi",2001,2001,0.66,4.00026656991965
"cpi",2001,2001,0.67,4.03300902869786
"cpi",2001,2001,0.68,4.06615178850678
"cpi",2001,2001,0.69,4.09973101221983
"cpi",2001,2001,0.7,4.13378570724957
"cpi",2001,2001,0.71,4.16835812784359
"cpi",2001,2001,0.72,4.20349424385338
"cpi",2001,2001,0.73,4.23924429032939
"cpi",2001,2001,0.74,4.27566341599728
"cpi",2001,2001,0.75,4.31281245351693
"cpi",2001,2001,0.76,4.35075884083017
"cpi",2001,2001,0.77,4.38957773145466
"cpi",2001,2001,0.78,4.42935334312628
"cpi",2001,2001,0.79,4.47018060996543
"cpi",2001,2001,0.8,4.5121672251752
"cpi",2001,2001,0.81,4.55543619192991
"cpi",2001,2001,0.82,4.6001290438113
"cpi",2001,2001,0.83,4.64640995951956
"cpi",2001,2001,0.84,4.69447109021461
"cpi",2001,2001,0.85,4.74453955907171
"cpi",2001,2001,0.86,4.79688681063598
"cpi",2001,2001,0.87,4.85184133288206
"cpi",2001,2001,0.88,4.9098063381022
"cpi",2001,2001,0.89,4.97128493842886
"cpi",2001,2001,0.9,5.03691701560228
"cpi",2001,2001,0.91,5.10753503223854
"cpi",2001,2001,0.92,5.18425191537154
"cpi",2001,2001,0.93,5.26860623978772
"cpi",2001,2001,0.94,5.36281680487724
"cpi",2001,2001,0.95,5.47026444979842
"cpi",2001,2001,0.96,5.59650160357292
"cpi",2001,2001,0.97,5.75169413693334
"cpi",2001,2001,0.98,5.95799557180639
"cpi",2001,2001,0.99,6.28315216712096
"cpi",2001,2002,0.01,-3.72257277779166
"cpi",2001,2002,0.02,-2.65118162548601
"cpi",2001,2002,0.03,-1.97141828924765
"cpi",2001,2002,0.04,-1.46005881033136
"cpi",2001,2002,0.05,-1.04410732235554
"cpi",2001,2002,0.06,-0.690067275918031
"cpi",2001,2002,0.07,-0.379643414476821
"cpi",2001,2002,0.08,-0.101695871229926
"cpi",2001,2002,0.09,0.151086298978405
"cpi",2001,2002,0.1,0.383772700877333
"cpi",2001,2002,0.11,0.600030429628045
"cpi",2001,2002,0.12,0.802602449987653
"cpi",2001,2002,0.13,0.993597172626214
"cpi",2001,2002,0.14,1.17467235228441
"cpi",2001,2002,0.15,1.34715657367694
"cpi",2001,2002,0.16,1.51213220485272
"cpi",2001,2002,0.17,1.67049365573047
"cpi",2001,2002,0.18,1.82298929729189
"cpi",2001,2002,0.19,1.97025226770989
"cpi",2001,2002,0.2,2.11282353588781
"cpi",2001,2002,0.21,2.25116945505174
"cpi",2001,2002,0.22,2.38569532072566
"cpi",2001,2002,0.23,2.51675598207039
"cpi",2001,2002,0.24,2.64466424706241
"cpi",2001,2002,0.25,2.76969761318569
"cpi",2001,2002,0.26,2.89210371132041
"cpi",2001,2002,0.27,3.01210474952026
"cpi",2001,2002,0.28,3.12990117143154
"cpi",2001,2002,0.29,3.24567469213428
"cpi",2001,2002,0.3,3.35959083614601
"cpi",2001,2002,0.31,3.47180107415157
"cpi",2001,2002,0.32,3.582444633919
"cpi",2001,2002,0.33,3.69165004489307
"cpi",2001,2002,0.34,3.79953646376079
"cpi",2001,2002,0.35,3.9062148188829
"cpi",2001,2002,0.36,4.01178880418337
"cpi",2001,2002,0.37,4.11635574737197
"cpi",2001,2002,0.38,4.22000737286982
"cpi",2001,2002,0.39,4.32283047623371
"cpi",2001,2002,0.4,4.4249075240244
"cpi",2001,2002,0.41,4.5263171907793
"cpi",2001,2002,0.42,4.62713484290992
"cpi",2001,2002,0.43,4.72743297786008
"cpi",2001,2002,0.44,4.82728162565887
"cpi",2001,2002,0.45,4.92674871903057
"cpi",2001,2002,0.46,5.02590043743845
"cpi",2001,2002,0.47,5.12480152980853
"cpi",2001,2002,0.48,5.22351562017765
"cpi",2001,2002,0.49,5.32210550011739
"cpi",2001,2002,0.5,5.42063341148749
"cpi",2001,2002,0.51,5.51916132285759
"cpi",2001,2002,0.52,5.61775120279733
"cpi",2001,2002,0.53,5.71646529316645
"cpi",2001,2002,0.54,5.81536638553653
"cpi",2001,2002,0.55,5.91451810394441
"cpi",2001,2002,0.56,6.01398519731611
"cpi",2001,2002,0.57,6.1138338451149
"cpi",2001,2002,0.58,6.21413198006506
"cpi",2001,2002,0.59,6.31494963219568
"cpi",2001,2002,0.6,6.41635929895058
"cpi",2001,2002,0.61,6.51843634674128
"cpi",2001,2002,0.62,6.62125945010516
"cpi",2001,2002,0.63,6.72491107560301
"cpi",2001,2002,0.64,6.82947801879161
"cpi",2001,2002,0.65,6.93505200409208
"cpi",2001,2002,0.66,7.04173035921419
"cpi",2001,2002,0.67,7.14961677808191
"cpi",2001,2002,0.68,7.25882218905599
"cpi",2001,2002,0.69,7.36946574882341
"cpi",2001,2002,0.7,7.48167598682898
"cpi",2001,2002,0.71,7.5955921308407
"cpi",2001,2002,0.72,7.71136565154344
"cpi",2001,2002,0.73,7.82916207345472
"cpi",2001,2002,0.74,7.94916311165458
"cpi",2001,2002,0.75,8.0715692097893
"cpi",2001,2002,0.76,8.19660257591257
"cpi",2001,2002,0.77,8.32451084090459
"cpi",2001,2002,0.78,8.45557150224932
"cpi",2001,2002,0.79,8.59009736792324
"cpi",2001,2002,0.8,8.72844328708718
"cpi",2001,2002,0.81,8.87101455526509
"cpi",2001,2002,0.82,9.01827752568309
"cpi",2001,2002,0.83,9.17077316724452
"cpi",2001,2002,0.84,9.32913461812226
"cpi",2001,2002,0.85,9.49411024929804
"cpi",2001,2002,0.86,9.66659447069057
"cpi",2001,2002,0.87,9.84766965034877
"cpi",2001,2002,0.88,10.0386643729873
"cpi",2001,2002,0.89,10.2412363933469
"cpi",2001,2002,0.9,10.4574941220976
"cpi",2001,2002,0.91,10.6901805239966
"cpi",2001,2002,0.92,10.9429626942049
"cpi",2001,2002,0.93,11.2209102374518
"cpi",2001,2002,0.94,11.531334098893
"cpi",2001,2002,0.95,11.8853741453305
"cpi",2001,2002,0.96,12.3013256333063
"cpi",2001,2002,0.97,12.8126851122226
"cpi",2001,2002,0.98,13.492448448461
"cpi",2001,2002,0.99,14.5638396007666
"gdp",2001,2001,0.01,0.858051689377836
"gdp",2001,2001,0.02,1.15399593731878
"gdp",2001,2001,0.03,1.34176307436109
"gdp",2001,2001,0.04,1.48301297743308
"gdp",2001,2001,0.05,1.59790887705294
"gdp",2001,2001,0.06,1.69570333340854
"gdp",2001,2001,0.07,1.78144994053651
"gdp",2001,2001,0.08,1.85822580010584
"gdp",2001,2001,0.09,1.92805037266666
"gdp",2001,2001,0.1,1.99232400612711
"gdp",2001,2001,0.11,2.05205964120195
"gdp",2001,2001,0.12,2.10801495135193
"gdp",2001,2001,0.13,2.16077233079297
"gdp",2001,2001,0.14,2.21078969163209
"gdp",2001,2001,0.15,2.25843402122343
"gdp",2001,2001,0.16,2.30400429590026
"gdp",2001,2001,0.17,2.347747573397
"gdp",2001,2001,0.18,2.38987057194804
"gdp",2001,2001,0.19,2.43054817968832
"gdp",2001,2001,0.2,2.46992982536283
"gdp",2001,2001,0.21,2.50814432705491
"gdp",2001,2001,0.22,2.54530363722823
"gdp",2001,2001,0.23,2.58150577383617
"gdp",2001,2001,0.24,2.61683714203632
"gdp",2001,2001,0.25,2.65137439337095
"gdp",2001,2001,0.26,2.68518592950125
"gdp",2001,2001,0.27,2.71833312968651
"gdp",2001,2001,0.28,2.75087136132828
"gdp",2001,2001,0.29,2.78285081854343
"gdp",2001,2001,0.3,2.81431722322237
"gdp",2001,2001,0.31,2.84531241524572
"gdp",2001,2001,0.32,2.87587485270324
"gdp",2001,2001,0.33,2.90604003854807
"gdp",2001,2001,0.34,2.93584088675009
"gdp",2001,2001,0.35,2.9653080384157
"gdp",2001,2001,0.36,2.99447013632424
"gdp",2001,2001,0.37,3.02335406475209
"gdp",2001,2001,0.38,3.05198516021131
"gdp",2001,2001,0.39,3.08038739774192
"gdp",2001,2001,0.4,3.10858355661017
"gdp",2001,2001,0.41,3.13659536863338
"gdp",2001,2001,0.42,3.1644436518442
"gdp",2001,2001,0.43,3.19214843179672
"gdp",2001,2001,0.44,3.21972905248519
"gdp",2001,2001,0.45,3.24720427857738
"gdp",2001,2001,0.46,3.27459239044775
"gdp",2001,2001,0.47,3.30191127332167
"gdp",2001,2001,0.48,3.32917850170283
"gdp",2001,2001,0.49,3.35641142014775
"gdp",2001,2001,0.5,3.38362722136924
"gdp",2001,2001,0.51,3.41084302259074
"gdp",2001,2001,0.52,3.43807594103566
"gdp",2001,2001,0.53,3.46534316941682
"gdp",2001,2001,0.54,3.49266205229074
"gdp",2001,2001,0.55,3.52005016416111
"gdp",2001,2001,0.56,3.5475253902533
"gdp",2001,2001,0.57,3.57510601094177
"gdp",2001,2001,0.58,3.60281079089429
"gdp",2001,2001,0.59,3.63065907410511
"gdp",2001,2001,0.6,3.65867088612832
"gdp",2001,2001,0.61,3.68686704499657
"gdp",2001,2001,0.62,3.71526928252718
"gdp",2001,2001,0.63,3.7439003779864
"gdp",2001,2001,0.64,3.77278430641425
"gdp",2001,2001,0.65,3.80194640432278
"gdp",2001,2001,0.66,3.8314135559884
"gdp",2001,2001,0.67,3.86121440419042
"gdp",2001,2001,0.68,3.89137959003525
"gdp",2001,2001,0.69,3.92194202749277
"gdp",2001,2001,0.7,3.95293721951612
"gdp",2001,2001,0.71,3.98440362419506
"gdp",2001,2001,0.72,4.01638308141021
"gdp",2001,2001,0.73,4.04892131305198
"gdp",2001,2001,0.74,4.08206851323724
"gdp",2001,2001,0.75,4.11588004936754
"gdp",2001,2001,0.76,4.15041730070217
"gdp",2001,2001,0.77,4.18574866890232
"gdp",2001,2001,0.78,4.22195080551026
"gdp",2001,2001,0.79,4.25911011568358
"gdp",2001,2001,0.8,4.29732461737566
"gdp",2001,2001,0.81,4.33670626305017
"gdp",2001,2001,0.82,4.37738387079045
"gdp",2001,2001,0.83,4.41950686934149
"gdp",2001,2001,0.84,4.46325014683823
"gdp",2001,2001,0.85,4.50882042151506
"gdp",2001,2001,0.86,4.5564647511064
"gdp",2001,2001,0.87,4.60648211194552
"gdp",2001,2001,0.88,4.65923949138656
"gdp",2001,2001,0.89,4.71519480153654
"gdp",2001,2001,0.9,4.77493043661138
"gdp",2001,2001,0.91,4.83920407007183
"gdp",2001,2001,0.92,4.90902864263265
"gdp",2001,2001,0.93,4.98580450220197
"gdp",2001,2001,0.94,5.07155110932995
"gdp",2001,2001,0.95,5.16934556568555
"gdp",2001,2001,0.96,5.28424146530542
"gdp",2001,2001,0.97,5.4254913683774
"gdp",2001,2001,0.98,5.6132585054197
"gdp",2001,2001,0.99,5.90920275336065
"gdp",2001,2002,0.01,-1.72248352191738
"gdp",2001,2002,0.02,-1.13368145905943
"gdp",2001,2002,0.03,-0.7601054277743
"gdp",2001,2002,0.04,-0.479078731408618
"gdp",2001,2002,0.05,-0.250485193332501
"gdp",2001,2002,0.06,-0.0559161890728319
"gdp",2001,2002,0.07,0.114682764991305
"gdp",2001,2002,0.08,0.267433780787806
"gdp",2001,2002,0.09,0.406354718255014
"gdp",2001,2002,0.1,0.534231668836735
"gdp",2001,2002,0.11,0.653079949899512
"gdp",2001,2002,0.12,0.76440700651031
"gdp",2001,2002,0.13,0.869371553251764
"gdp",2001,2002,0.14,0.968884638725429
"gdp",2001,2002,0.15,1.06367641029066
"gdp",2001,2002,0.16,1.15434170255908
"gdp",2001,2002,0.17,1.24137205440895
"gdp",2001,2002,0.18,1.32517874642333
"gdp",2001,2002,0.19,1.40610973094575
"gdp",2001,2002,0.2,1.48446230705838
"gdp",2001,2002,0.21,1.56049276747091
"gdp",2001,2002,0.22,1.63442384954686
"gdp",2001,2002,0.23,1.7064505669537
"gdp",2001,2002,0.24,1.7767448288783
"gdp",2001,2002,0.25,1.8454591389984
"gdp",2001,2002,0.26,1.9127295872684
"gdp",2001,2002,0.27,1.97867829207627
"gdp",2001,2002,0.28,2.0434154107928
"gdp",2001,2002,0.29,2.10704080817209
"gdp",2001,2002,0.3,2.16964545115666
"gdp",2001,2002,0.31,2.23131258315535
"gdp",2001,2002,0.32,2.29211871926429
"gdp",2001,2002,0.33,2.3521344951258
"gdp",2001,2002,0.34,2.41142539541648
"gdp",2001,2002,0.35,2.47005238278988
"gdp",2001,2002,0.36,2.52807244408614
"gdp",2001,2002,0.37,2.58553906747919
"gdp",2001,2002,0.38,2.64250266175602
"gdp",2001,2002,0.39,2.69901092695853
"gdp",2001,2002,0.4,2.7551091840519
"gdp",2001,2002,0.41,2.81084067002743
"gdp",2001,2002,0.42,2.86624680383697
"gdp",2001,2002,0.43,2.92136742774017
"gdp",2001,2002,0.44,2.97624102798503
"gdp",2001,2002,0.45,3.0309049382084
"gdp",2001,2002,0.46,3.08539552851132
"gdp",2001,2002,0.47,3.1397483828177
"gdp",2001,2002,0.48,3.19399846684854
"gdp",2001,2002,0.49,3.24818028882879
"gdp",2001,2002,0.5,3.30232805487945
"gdp",2001,2002,0.51,3.35647582093012
"gdp",2001,2002,0.52,3.41065764291037
"gdp",2001,2002,0.53,3.46490772694121
"gdp",2001,2002,0.54,3.51926058124759
"gdp",2001,2002,0.55,3.57375117155051
"gdp",2001,2002,0.56,3.62841508177388
"gdp",2001,2002,0.57,3.68328868201874
"gdp",2001,2002,0.58,3.73840930592194
"gdp",2001,2002,0.59,3.79381543973148
"gdp",2001,2002,0.6,3.84954692570701
"gdp",2001,2002,0.61,3.90564518280038
"gdp",2001,2002,0.62,3.96215344800289
"gdp",2001,2002,0.63,4.01911704227972
"gdp",2001,2002,0.64,4.07658366567277
"gdp",2001,2002,0.65,4.13460372696903
"gdp",2001,2002,0.66,4.19323071434243
"gdp",2001,2002,0.67,4.25252161463311
"gdp",2001,2002,0.68,4.31253739049462
"gdp",2001,2002,0.69,4.37334352660356
"gdp",2001,2002,0.7,4.43501065860225
"gdp",2001,2002,0.71,4.49761530158682
"gdp",2001,2002,0.72,4.56124069896611
"gdp",2001,2002,0.73,4.62597781768264
"gdp",2001,2002,0.74,4.69192652249051
"gdp",2001,2002,0.75,4.75919697076051
"gdp",2001,2002,0.76,4.82791128088061
"gdp",2001,2002,0.77,4.89820554280521
"gdp",2001,2002,0.78,4.97023226021205
"gdp",2001,2002,0.79,5.044163342288
"gdp",2001,2002,0.8,5.12019380270053
"gdp",2001,2002,0.81,5.19854637881316
"gdp",2001,2002,0.82,5.27947736333558
"gdp",2001,2002,0.83,5.36328405534996
"gdp",2001,2002,0.84,5.45031440719983
"gdp",2001,2002,0.85,5.54097969946825
"gdp",2001,2002,0.86,5.63577147103348
"gdp",2001,2002,0.87,5.73528455650715
"gdp",2001,2002,0.88,5.8402491032486
"gdp",2001,2002,0.89,5.9515761598594
"gdp",2001,2002,0.9,6.07042444092217
"gdp",2001,2002,0.91,6.19830139150389
"gdp",2001,2002,0.92,6.33722232897111
"gdp",2001,2002,0.93,6.48997334476761
"gdp",2001,2002,0.94,6.66057229883174
"gdp",2001,2002,0.95,6.85514130309141
"gdp",2001,2002,0.96,7.08373484116753
"gdp",2001,2002,0.97,7.36476153753321
"gdp",2001,2002,0.98,7.73833756881834
"gdp",2001,2002,0.99,8.32713963167629
"cpi",2002,2002,0.01,0.378420896789258
"cpi",2002,2002,0.02,0.701171479944667
"cpi",2002,2002,0.03,0.905946377241939
"cpi",2002,2002,0.04,1.05999055584758
"cpi",2002,2002,0.05,1.18529361161732
"cpi",2002,2002,0.06,1.29194619242515
"cpi",2002,2002,0.07,1.38545964182213
"cpi",2002,2002,0.08,1.46918978228156
"cpi",2002,2002,0.09,1.54533899507883
"cpi",2002,2002,0.1,1.61543447024081
"cpi",2002,2002,0.11,1.68058089964333
"cpi",2002,2002,0.12,1.74160458605453
"cpi",2002,2002,0.13,1.79914067637835
"cpi",2002,2002,0.14,1.85368855994439
"cpi",2002,2002,0.15,1.90564846545578
"cpi",2002,2002,0.16,1.9553464502243
"cpi",2002,2002,0.17,2.00305195022786
"cpi",2002,2002,0.18,2.04899040803264
"cpi",2002,2002,0.19,2.09335255296666
"cpi",2002,2002,0.2,2.13630134888177
"cpi",2002,2002,0.21,2.17797728207502
"cpi",2002,2002,0.22,2.21850244555271
"cpi",2002,2002,0.23,2.25798373563684
"cpi",2002,2002,0.24,2.29651538397809
"cpi",2002,2002,0.25,2.33418098513909
"cpi",2002,2002,0.26,2.37105513653538
"cpi",2002,2002,0.27,2.40720477709841
"cpi",2002,2002,0.28,2.44269028935382
"cpi",2002,2002,0.29,2.4775664139516
"cpi",2002,2002,0.3,2.51188301422544
"cpi",2002,2002,0.31,2.54568571987068
"cpi",2002,2002,0.32,2.57901647247254
"cpi",2002,2002,0.33,2.61191399080631
"cpi",2002,2002,0.34,2.64441417015646
"cpi",2002,2002,0.35,2.67655042707031
"cpi",2002,2002,0.36,2.7083539987616
"cpi",2002,2002,0.37,2.73985420465771
"cpi",2002,2002,0.38,2.77107867622671
"cpi",2002,2002,0.39,2.80205356014387
"cpi",2002,2002,0.4,2.83280369899869
"cpi",2002,2002,0.41,2.86335279305487
"cpi",2002,2002,0.42,2.8937235460217
"cpi",2002,2002,0.43,2.92393779734802
"cpi",2002,2002,0.44,2.95401664318783
"cpi",2002,2002,0.45,2.98398054789379
"cpi",2002,2002,0.46,3.01384944765848
"cpi",2002,2002,0.47,3.0436428477332
"cpi",2002,2002,0.48,3.07337991450263
"cpi",2002,2002,0.49,3.10307956357598
"cpi",2002,2002,0.5,3.13276054496485
"cpi",2002,2002,0.51,3.16244152635372
"cpi",2002,2002,0.52,3.19214117542707
"cpi",2002,2002,0.53,3.2218782421965
"cpi",2002,2002,0.54,3.25167164227122
"cpi",2002,2002,0.55,3.28154054203592
"cpi",2002,2002,0.56,3.31150444674187
"cpi",2002,2002,0.57,3.34158329258168
"cpi",2002,2002,0.58,3.37179754390801
"cpi",2002,2002,0.59,3.40216829687483
"cpi",2002,2002,0.6,3.43271739093101
"cpi",2002,2002,0.61,3.46346752978583
"cpi",2002,2002,0.62,3.49444241370299
"cpi",2002,2002,0.63,3.52566688527199
"cpi",2002,2002,0.64,3.5571670911681
"cpi",2002,2002,0.65,3.58897066285939
"cpi",2002,2002,0.66,3.62110691977324
"cpi",2002,2002,0.67,3.65360709912339
"cpi",2002,2002,0.68,3.68650461745716
"cpi",2002,2002,0.69,3.71983537005902
"cpi",2002,2002,0.7,3.75363807570427
"cpi",2002,2002,0.71,3.78795467597811
"cpi",2002,2002,0.72,3.82283080057588
"cpi",2002,2002,0.73,3.85831631283129
"cpi",2002,2002,0.74,3.89446595339432
"cpi",2002,2002,0.75,3.93134010479061
"cpi",2002,2002,0.76,3.96900570595161
"cpi",2002,2002,0.77,4.00753735429286
"cpi",2002,2002,0.78,4.04701864437699
"cpi",2002,2002,0.79,4.08754380785468
"cpi",2002,2002,0.8,4.12921974104794
"cpi",2002,2002,0.81,4.17216853696304
"cpi",2002,2002,0.82,4.21653068189706
"cpi",2002,2002,0.83,4.26246913970184
"cpi",2002,2002,0.84,4.3101746397054
"cpi",2002,2002,0.85,4.35987262447392
"cpi",2002,2002,0.86,4.41183252998531
"cpi",2002,2002,0.87,4.46638041355135
"cpi",2002,2002,0.88,4.52391650387518
"cpi",2002,2002,0.89,4.58494019028637
"cpi",2002,2002,0.9,4.65008661968889
"cpi",2002,2002,0.91,4.72018209485087
"cpi",2002,2002,0.92,4.79633130764814
"cpi",2002,2002,0.93,4.88006144810757
"cpi",2002,2002,0.94,4.97357489750455
"cpi",2002,2002,0.95,5.08022747831238
"cpi",2002,2002,0.96,5.20553053408212
"cpi",2002,2002,0.97,5.35957471268776
"cpi",2002,2002,0.98,5.56434960998503
"cpi",2002,2002,0.99,5.88710019314044
"cpi",2002,2003,0.01,-3.74410527613463
"cpi",2002,2003,0.02,-2.67743538907632
"cpi",2002,2003,0.03,-2.00066754426879
"cpi",2002,2003,0.04,-1.49156145687202
"cpi",2002,2003,0.05,-1.07744292906255
"cpi",2002,2003,0.06,-0.724963019614987
"cpi",2002,2003,0.07,-0.415907093111277
"cpi",2002,2003,0.08,-0.13918437244546
"cpi",2002,2003,0.09,0.112483870629178
"cpi",2002,2003,0.1,0.344144900776204
"cpi",2002,2003,0.11,0.55944965348542
"cpi",2002,2003,0.12,0.761129006178557
"cpi",2002,2003,0.13,0.951282078459564
"cpi",2002,2003,0.14,1.13155931989414
"cpi",2002,2003,0.15,1.30328346056505
"cpi",2002,2003,0.16,1.46753209888445
"cpi",2002,2003,0.17,1.62519570340334
"cpi",2002,2003,0.18,1.77701934728089
"cpi",2002,2003,0.19,1.92363337866018
"cpi",2002,2003,0.2,2.06557638257414
"cpi",2002,2003,0.21,2.20331265718495
"cpi",2002,2003,0.22,2.33724571201374
"cpi",2002,2003,0.23,2.46772883251881
"cpi",2002,2003,0.24,2.59507344823572
"cpi",2002,2003,0.25,2.71955583380912
"cpi",2002,2003,0.26,2.84142252889208
"cpi",2002,2003,0.27,2.96089476234114
"cpi",2002,2003,0.28,3.07817209451396
"cpi",2002,2003,0.29,3.19343543973254
"cpi",2002,2003,0.3,3.30684959310278
"cpi",2002,2003,0.31,3.41856535782849
"cpi",2002,2003,0.32,3.52872134814712
"cpi",2002,2003,0.33,3.63744552711686
"cpi",2002,2003,0.34,3.74485652634072
"cpi",2002,2003,0.35,3.85106478535499
"cpi",2002,2003,0.36,3.9561735411389
"cpi",2002,2003,0.37,4.06027969251133
"cpi",2002,2003,0.38,4.16347455969432
"cpi",2002,2003,0.39,4.26584455576542
"cpi",2002,2003,0.4,4.36747178388265
"cpi",2002,2003,0.41,4.46843457189082
"cpi",2002,2003,0.42,4.5688079540867
"cpi",2002,2003,0.43,4.66866410844191
"cpi",2002,2003,0.44,4.76807275638646
"cpi",2002,2003,0.45,4.86710153128766
"cpi",2002,2003,0.46,4.96581632097784
"cpi",2002,2003,0.47,5.06428158905599
"cpi",2002,2003,0.48,5.16256067918894
"cpi",2002,2003,0.49,5.26071610624666
"cpi",2002,2003,0.5,5.35880983780965
"cpi",2002,2003,0.51,5.45690356937264
"cpi",2002,2003,0.52,5.55505899643036
"cpi",2002,2003,0.53,5.65333808656331
"cpi",2002,2003,0.54,5.75180335464146
"cpi",2002,2003,0.55,5.85051814433164
"cpi",2002,2003,0.56,5.94954691923284
"cpi",2002,2003,0.57,6.04895556717739
"cpi",2002,2003,0.58,6.1488117215326
"cpi",2002,2003,0.59,6.24918510372848
"cpi",2002,2003,0.6,6.35014789173666
"cpi",2002,2003,0.61,6.45177511985389
"cpi",2002,2003,0.62,6.55414511592498
"cpi",2002,2003,0.63,6.65733998310797
"cpi",2002,2003,0.64,6.7614461344804
"cpi",2002,2003,0.65,6.86655489026432
"cpi",2002,2003,0.66,6.97276314927858
"cpi",2002,2003,0.67,7.08017414850244
"cpi",2002,2003,0.68,7.18889832747219
"cpi",2002,2003,0.69,7.29905431779081
"cpi",2002,2003,0.7,7.41077008251652
"cpi",2002,2003,0.71,7.52418423588676
"cpi",2002,2003,0.72,7.63944758110534
"cpi",2002,2003,0.73,7.75672491327816
"cpi",2002,2003,0.74,7.87619714672723
"cpi",2002,2003,0.75,7.99806384181018
"cpi",2002,2003,0.76,8.12254622738358
"cpi",2002,2003,0.77,8.24989084310049
"cpi",2002,2003,0.78,8.38037396360557
"cpi",2002,2003,0.79,8.51430701843435
"cpi",2002,2003,0.8,8.65204329304517
"cpi",2002,2003,0.81,8.79398629695912
"cpi",2002,2003,0.82,8.94060032833842
"cpi",2002,2003,0.83,9.09242397221597
"cpi",2002,2003,0.84,9.25008757673486
"cpi",2002,2003,0.85,9.41433621505425
"cpi",2002,2003,0.86,9.58606035572516
"cpi",2002,2003,0.87,9.76633759715974
"cpi",2002,2003,0.88,9.95649066944075
"cpi",2002,2003,0.89,10.1581700221339
"cpi",2002,2003,0.9,10.3734747748431
"cpi",2002,2003,0.91,10.6051358049901
"cpi",2002,2003,0.92,10.8568040480648
"cpi",2002,2003,0.93,11.1335267687306
"cpi",2002,2003,0.94,11.4425826952343
"cpi",2002,2003,0.95,11.7950626046819
"cpi",2002,2003,0.96,12.2091811324913
"cpi",2002,2003,0.97,12.7182872198881
"cpi",2002,2003,0.98,13.3950550646956
"cpi",2002,2003,0.99,14.4617249517539
"gdp",2002,2002,0.01,-1.6563077785425
"gdp",2002,2002,0.02,-1.35917820056557
"gdp",2002,2002,0.03,-1.17065900961834
"gdp",2002,2002,0.04,-1.02884336568856
"gdp",2002,2002,0.05,-0.913487279524175
"gdp",2002,2002,0.06,-0.815301132141378
"gdp",2002,2002,0.07,-0.729211088607325
"gdp",2002,2002,0.08,-0.652127722698482
"gdp",2002,2002,0.09,-0.582023485424863
"gdp",2002,2002,0.1,-0.517492420138006
"gdp",2002,2002,0.11,-0.457517529044622
"gdp",2002,2002,0.12,-0.401338104014041
"gdp",2002,2002,0.13,-0.348369418197206
"gdp",2002,2002,0.14,-0.298151725435649
"gdp",2002,2002,0.15,-0.250316568499969
"gdp",2002,2002,0.16,-0.204563773582588
"gdp",2002,2002,0.17,-0.160645293421671
"gdp",2002,2002,0.18,-0.118353581825065
"gdp",2002,2002,0.19,-0.0775130501875175
"gdp",2002,2002,0.2,-0.0379736712649128
"gdp",2002,2002,0.21,0.000393888974450918
"gdp",2002,2002,0.22,0.0377020313915821
"gdp",2002,2002,0.23,0.0740491665260586
"gdp",2002,2002,0.24,0.109522045609529
"gdp",2002,2002,0.25,0.144197627192682
"gdp",2002,2002,0.26,0.178144586902309
"gdp",2002,2002,0.27,0.21142454983684
"gdp",2002,2002,0.28,0.244093105157991
"gdp",2002,2002,0.29,0.276200648022498
"gdp",2002,2002,0.3,0.307793083448274
"gdp",2002,2002,0.31,0.338912418895028
"gdp",2002,2002,0.32,0.369597266486694
"gdp",2002,2002,0.33,0.39988327137454
"gdp",2002,2002,0.34,0.429803479357051
"gdp",2002,2002,0.35,0.459388654265852
"gdp",2002,2002,0.36,0.488667553601694
"gdp",2002,2002,0.37,0.517667169319168
"gdp",2002,2002,0.38,0.546412939409319
"gdp",2002,2002,0.39,0.574928934938159
"gdp",2002,2002,0.4,0.603238026408542
"gdp",2002,2002,0.41,0.6313620326791
"gdp",2002,2002,0.42,0.659321855163848
"gdp",2002,2002,0.43,0.687137599624197
"gdp",2002,2002,0.44,0.71482868753189
"gdp",2002,2002,0.45,0.742413958711816
"gdp",2002,2002,0.46,0.76991176675589
"gdp",2002,2002,0.47,0.797340068524239
"gdp",2002,2002,0.48,0.824716508910769
"gdp",2002,2002,0.49,0.852058501941279
"gdp",2002,2002,0.5,0.879383309189634
"gdp",2002,2002,0.51,0.90670811643799
"gdp",2002,2002,0.52,0.9340501094685
"gdp",2002,2002,0.53,0.961426549855031
"gdp",2002,2002,0.54,0.988854851623379
"gdp",2002,2002,0.55,1.01635265966745
"gdp",2002,2002,0.56,1.04393793084738
"gdp",2002,2002,0.57,1.07162901875507
"gdp",2002,2002,0.58,1.09944476321542
"gdp",2002,2002,0.59,1.12740458570017
"gdp",2002,2002,0.6,1.15552859197073
"gdp",2002,2002,0.61,1.18383768344111
"gdp",2002,2002,0.62,1.21235367896995
"gdp",2002,2002,0.63,1.2410994490601
"gdp",2002,2002,0.64,1.27009906477758
"gdp",2002,2002,0.65,1.29937796411342
"gdp",2002,2002,0.66,1.32896313902222
"gdp",2002,2002,0.67,1.35888334700473
"gdp",2002,2002,0.68,1.38916935189258
"gdp",2002,2002,0.69,1.41985419948424
"gdp",2002,2002,0.7,1.450973534931
"gdp",2002,2002,0.71,1.48256597035677
"gdp",2002,2002,0.72,1.51467351322128
"gdp",2002,2002,0.73,1.54734206854243
"gdp",2002,2002,0.74,1.58062203147696
"gdp",2002,2002,0.75,1.61456899118659
"gdp",2002,2002,0.76,1.64924457276974
"gdp",2002,2002,0.77,1.68471745185321
"gdp",2002,2002,0.78,1.72106458698769
"gdp",2002,2002,0.79,1.75837272940482
"gdp",2002,2002,0.8,1.79674028964418
"gdp",2002,2002,0.81,1.83627966856679
"gdp",2002,2002,0.82,1.87712020020433
"gdp",2002,2002,0.83,1.91941191180094
"gdp",2002,2002,0.84,1.96333039196186
"gdp",2002,2002,0.85,2.00908318687924
"gdp",2002,2002,0.86,2.05691834381492
"gdp",2002,2002,0.87,2.10713603657647
"gdp",2002,2002,0.88,2.16010472239331
"gdp",2002,2002,0.89,2.21628414742389
"gdp",2002,2002,0.9,2.27625903851727
"gdp",2002,2002,0.91,2.34079010380413
"gdp",2002,2002,0.92,2.41089434107775
"gdp",2002,2002,0.93,2.48797770698659
"gdp",2002,2002,0.94,2.57406775052065
"gdp",2002,2002,0.95,2.67225389790344
"gdp",2002,2002,0.96,2.78760998406783
"gdp",2002,2002,0.97,2.92942562799761
"gdp",2002,2002,0.98,3.11794481894484
"gdp",2002,2002,0.99,3.41507439692177
"gdp",2002,2003,0.01,-1.92161112431417
"gdp",2002,2003,0.02,-1.32575750041793
"gdp",2002,2003,0.03,-0.947707479734283
"gdp",2002,2003,0.04,-0.663315175420162
"gdp",2002,2003,0.05,-0.43198397491318
"gdp",2002,2003,0.06,-0.235084789942123
"gdp",2002,2003,0.07,-0.0624427232370208
"gdp",2002,2003,0.08,0.0921376562446574
"gdp",2002,2003,0.09,0.232722326792711
"gdp",2002,2003,0.1,0.362130746401631
"gdp",2002,2003,0.11,0.482402368109891
"gdp",2002,2003,0.12,0.595062690319478
"gdp",2002,2003,0.13,0.701284304511768
"gdp",2002,2003,0.14,0.801989170110863
"gdp",2002,2003,0.15,0.897916178804638
"gdp",2002,2003,0.16,0.989667289012254
"gdp",2002,2003,0.17,1.07773992633795
"gdp",2002,2003,0.18,1.16255029690822
"gdp",2002,2003,0.19,1.24445052018378
"gdp",2002,2003,0.2,1.3237414557347
"gdp",2002,2003,0.21,1.40068246566155
"gdp",2002,2003,0.22,1.47549895485607
"gdp",2002,2003,0.23,1.54838827249178
"gdp",2002,2003,0.24,1.6195243865597
"gdp",2002,2003,0.25,1.68906162713908
"gdp",2002,2003,0.26,1.75713771401325
"gdp",2002,2003,0.27,1.82387622807398
"gdp",2002,2003,0.28,1.88938864594937
"gdp",2002,2003,0.29,1.95377602838528
"gdp",2002,2003,0.3,2.01713043175477
"gdp",2002,2003,0.31,2.07953609639928
"gdp",2002,2003,0.32,2.1410704537685
"gdp",2002,2003,0.33,2.20180498544533
"gdp",2002,2003,0.34,2.26180596035834
"gdp",2002,2003,0.35,2.32113507125683
"gdp",2002,2003,0.36,2.37984998746187
"gdp",2002,2003,0.37,2.4380048377279
"gdp",2002,2003,0.38,2.4956506345433
"gdp",2002,2003,0.39,2.55283564921117
"gdp",2002,2003,0.4,2.60960574546577
"gdp",2002,2003,0.41,2.66600467810954
"gdp",2002,2003,0.42,2.72207436213247
"gdp",2002,2003,0.43,2.77785511694968
"gdp",2002,2003,0.44,2.83338588972488
"gdp",2002,2003,0.45,2.88870446120684
"gdp",2002,2003,0.46,2.94384763706911
"gdp",2002,2003,0.47,2.99885142739274
"gdp",2002,2003,0.48,3.05375121665222
"gdp",2002,2003,0.49,3.10858192634697
"gdp",2002,2003,0.5,3.16337817225442
"gdp",2002,2003,0.51,3.21817441816186
"gdp",2002,2003,0.52,3.27300512785661
"gdp",2002,2003,0.53,3.32790491711609
"gdp",2002,2003,0.54,3.38290870743972
"gdp",2002,2003,0.55,3.43805188330199
"gdp",2002,2003,0.56,3.49337045478395
"gdp",2002,2003,0.57,3.54890122755915
"gdp",2002,2003,0.58,3.60468198237636
"gdp",2002,2003,0.59,3.66075166639929
"gdp",2002,2003,0.6,3.71715059904306
"gdp",2002,2003,0.61,3.77392069529766
"gdp",2002,2003,0.62,3.83110570996553
"gdp",2002,2003,0.63,3.88875150678093
"gdp",2002,2003,0.64,3.94690635704696
"gdp",2002,2003,0.65,4.005621273252
"gdp",2002,2003,0.66,4.06495038415049
"gdp",2002,2003,0.67,4.1249513590635
"gdp",2002,2003,0.68,4.18568589074033
"gdp",2002,2003,0.69,4.24722024810955
"gdp",2002,2003,0.7,4.30962591275406
"gdp",2002,2003,0.71,4.37298031612355
"gdp",2002,2003,0.72,4.43736769855946
"gdp",2002,2003,0.73,4.50288011643485
"gdp",2002,2003,0.74,4.56961863049558
"gdp",2002,2003,0.75,4.63769471736975
"gdp",2002,2003,0.76,4.70723195794913
"gdp",2002,2003,0.77,4.77836807201705
"gdp",2002,2003,0.78,4.85125738965276
"gdp",2002,2003,0.79,4.92607387884729
"gdp",2002,2003,0.8,5.00301488877413
"gdp",2002,2003,0.81,5.08230582432505
"gdp",2002,2003,0.82,5.16420604760061
"gdp",2002,2003,0.83,5.24901641817089
"gdp",2002,2003,0.84,5.33708905549658
"gdp",2002,2003,0.85,5.42884016570419
"gdp",2002,2003,0.86,5.52476717439797
"gdp",2002,2003,0.87,5.62547203999706
"gdp",2002,2003,0.88,5.73169365418935
"gdp",2002,2003,0.89,5.84435397639894
"gdp",2002,2003,0.9,5.9646255981072
"gdp",2002,2003,0.91,6.09403401771612
"gdp",2002,2003,0.92,6.23461868826417
"gdp",2002,2003,0.93,6.38919906774585
"gdp",2002,2003,0.94,6.56184113445096
"gdp",2002,2003,0.95,6.75874031942201
"gdp",2002,2003,0.96,6.990071519929
"gdp",2002,2003,0.97,7.27446382424311
"gdp",2002,2003,0.98,7.65251384492676
"gdp",2002,2003,0.99,8.248367468823
"cpi",2003,2003,0.01,0.579310995632753
"cpi",2003,2003,0.02,0.899161888727749
"cpi",2003,2003,0.03,1.10209702564873
"cpi",2003,2003,0.04,1.25475722418778
"cpi",2003,2003,0.05,1.37893451893858
"cpi",2003,2003,0.06,1.48462890030503
"cpi",2003,2003,0.07,1.57730219624022
"cpi",2003,2003,0.08,1.66028007948087
"cpi",2003,2003,0.09,1.73574514443462
"cpi",2003,2003,0.1,1.80521086038558
"cpi",2003,2003,0.11,1.86977199431949
"cpi",2003,2003,0.12,1.93024742524744
"cpi",2003,2003,0.13,1.98726659371911
"cpi",2003,2003,0.14,2.04132440239746
"cpi",2003,2003,0.15,2.0928174842084
"cpi",2003,2003,0.16,2.14206896706499
"cpi",2003,2003,0.17,2.18934586624982
"cpi",2003,2003,0.18,2.23487159888402
"cpi",2003,2003,0.19,2.27883518072493
"cpi",2003,2003,0.2,2.32139811150727
"cpi",2003,2003,0.21,2.36269961535617
"cpi",2003,2003,0.22,2.40286068835699
"cpi",2003,2003,0.23,2.44198726644243
"cpi",2003,2003,0.24,2.48017273465717
"cpi",2003,2003,0.25,2.51749993652471
"cpi",2003,2003,0.26,2.55404279925454
"cpi",2003,2003,0.27,2.58986766037828
"cpi",2003,2003,0.28,2.62503435992646
"cpi",2003,2003,0.29,2.65959714674231
"cpi",2003,2003,0.3,2.69360543617206
"cpi",2003,2003,0.31,2.72710444795991
"cpi",2003,2003,0.32,2.76013574687503
"cpi",2003,2003,0.33,2.79273770383136
"cpi",2003,2003,0.34,2.82494589161917
"cpi",2003,2003,0.35,2.85679342656128
"cpi",2003,2003,0.36,2.88831126522672
"cpi",2003,2003,0.37,2.91952846362817
"cpi",2003,2003,0.38,2.95047240498413
"cpi",2003,2003,0.39,2.98116900106014
"cpi",2003,2003,0.4,3.01164287125226
"cpi",2003,2003,0.41,3.04191750289377
"cpi",2003,2003,0.42,3.07201539571687
"cpi",2003,2003,0.43,3.10195819295814
"cpi",2003,2003,0.44,3.13176680123723
"cpi",2003,2003,0.45,3.16146150104882
"cpi",2003,2003,0.46,3.19106204947263
"cpi",2003,2003,0.47,3.22058777651878
"cpi",2003,2003,0.48,3.25005767637531
"cpi",2003,2003,0.49,3.27949049470781
"cpi",2003,2003,0.5,3.30890481307201
"cpi",2003,2003,0.51,3.33831913143622
"cpi",2003,2003,0.52,3.36775194976871
"cpi",2003,2003,0.53,3.39722184962524
"cpi",2003,2003,0.54,3.4267475766714
"cpi",2003,2003,0.55,3.45634812509521
"cpi",2003,2003,0.56,3.48604282490679
"cpi",2003,2003,0.57,3.51585143318589
"cpi",2003,2003,0.58,3.54579423042715
"cpi",2003,2003,0.59,3.57589212325026
"cpi",2003,2003,0.6,3.60616675489176
"cpi",2003,2003,0.61,3.63664062508389
"cpi",2003,2003,0.62,3.6673372211599
"cpi",2003,2003,0.63,3.69828116251585
"cpi",2003,2003,0.64,3.72949836091731
"cpi",2003,2003,0.65,3.76101619958275
"cpi",2003,2003,0.66,3.79286373452485
"cpi",2003,2003,0.67,3.82507192231266
"cpi",2003,2003,0.68,3.85767387926899
"cpi",2003,2003,0.69,3.89070517818411
"cpi",2003,2003,0.7,3.92420418997196
"cpi",2003,2003,0.71,3.95821247940171
"cpi",2003,2003,0.72,3.99277526621756
"cpi",2003,2003,0.73,4.02794196576574
"cpi",2003,2003,0.74,4.06376682688948
"cpi",2003,2003,0.75,4.10030968961932
"cpi",2003,2003,0.76,4.13763689148685
"cpi",2003,2003,0.77,4.1758223597016
"cpi",2003,2003,0.78,4.21494893778703
"cpi",2003,2003,0.79,4.25511001078786
"cpi",2003,2003,0.8,4.29641151463676
"cpi",2003,2003,0.81,4.33897444541909
"cpi",2003,2003,0.82,4.38293802726001
"cpi",2003,2003,0.83,4.42846375989421
"cpi",2003,2003,0.84,4.47574065907903
"cpi",2003,2003,0.85,4.52499214193562
"cpi",2003,2003,0.86,4.57648522374656
"cpi",2003,2003,0.87,4.63054303242491
"cpi",2003,2003,0.88,4.68756220089658
"cpi",2003,2003,0.89,4.74803763182453
"cpi",2003,2003,0.9,4.81259876575844
"cpi",2003,2003,0.91,4.8820644817094
"cpi",2003,2003,0.92,4.95752954666316
"cpi",2003,2003,0.93,5.0405074299038
"cpi",2003,2003,0.94,5.13318072583899
"cpi",2003,2003,0.95,5.23887510720544
"cpi",2003,2003,0.96,5.36305240195624
"cpi",2003,2003,0.97,5.51571260049529
"cpi",2003,2003,0.98,5.71864773741627
"cpi",2003,2003,0.99,6.03849863051127
"cpi",2003,2004,0.01,-3.86929601205718
"cpi",2003,2004,0.02,-2.80891569356383
"cpi",2003,2004,0.03,-2.13613837836075
"cpi",2003,2004,0.04,-1.63003421094164
"cpi",2003,2004,0.05,-1.21835751345502
"cpi",2003,2004,0.06,-0.867955985130927
"cpi",2003,2004,0.07,-0.560722392288024
"cpi",2003,2004,0.08,-0.285631354063259
"cpi",2003,2004,0.09,-0.035447060886943
"cpi",2003,2004,0.1,0.194847990946999
"cpi",2003,2004,0.11,0.408883209359844
"cpi",2003,2004,0.12,0.609373369283697
"cpi",2003,2004,0.13,0.798405212962996
"cpi",2003,2004,0.14,0.977619458165596
"cpi",2003,2004,0.15,1.14833103555886
"cpi",2003,2004,0.16,1.31161118954683
"cpi",2003,2004,0.17,1.46834513807482
"cpi",2003,2004,0.18,1.61927356101332
"cpi",2003,2004,0.19,1.76502308968738
"cpi",2003,2004,0.2,1.90612913338875
"cpi",2003,2004,0.21,2.04305325256745
"cpi",2003,2004,0.22,2.17619657746978
"cpi",2003,2004,0.23,2.30591031042305
"cpi",2003,2004,0.24,2.43250404463327
"cpi",2003,2004,0.25,2.55625242570472
"cpi",2003,2004,0.26,2.67740053958105
"cpi",2003,2004,0.27,2.79616831065333
"cpi",2003,2004,0.28,2.91275412258098
"cpi",2003,2004,0.29,3.02733782293325
"cpi",2003,2004,0.3,3.1400832351095
"cpi",2003,2004,0.31,3.25114027310958
"cpi",2003,2004,0.32,3.36064673383864
"cpi",2003,2004,0.33,3.46872982582674
"cpi",2003,2004,0.34,3.57550748117126
"cpi",2003,2004,0.35,3.68108948820697
"cpi",2003,2004,0.36,3.78557847518115
"cpi",2003,2004,0.37,3.88907076955336
"cpi",2003,2004,0.38,3.99165715308028
"cpi",2003,2004,0.39,4.09342352930882
"cpi",2003,2004,0.4,4.19445151727962
"cpi",2003,2004,0.41,4.29481898298106
"cpi",2003,2004,0.42,4.39460051827371
"cpi",2003,2004,0.43,4.49386787553521
"cpi",2003,2004,0.44,4.59269036508645
"cpi",2003,2004,0.45,4.69113522149777
"cpi",2003,2004,0.46,4.78926794409703
"cpi",2003,2004,0.47,4.88715261637665
"cpi",2003,2004,0.48,4.98485220850052
"cpi",2003,2004,0.49,5.08242886672264
"cpi",2003,2004,0.5,5.1799441932346
"cpi",2003,2004,0.51,5.27745951974656
"cpi",2003,2004,0.52,5.37503617796867
"cpi",2003,2004,0.53,5.47273577009254
"cpi",2003,2004,0.54,5.57062044237216
"cpi",2003,2004,0.55,5.66875316497142
"cpi",2003,2004,0.56,5.76719802138275
"cpi",2003,2004,0.57,5.86602051093398
"cpi",2003,2004,0.58,5.96528786819548
"cpi",2003,2004,0.59,6.06506940348813
"cpi",2003,2004,0.6,6.16543686918957
"cpi",2003,2004,0.61,6.26646485716038
"cpi",2003,2004,0.62,6.36823123338892
"cpi",2003,2004,0.63,6.47081761691583
"cpi",2003,2004,0.64,6.57430991128805
"cpi",2003,2004,0.65,6.67879889826223
"cpi",2003,2004,0.66,6.78438090529794
"cpi",2003,2004,0.67,6.89115856064245
"cpi",2003,2004,0.68,6.99924165263055
"cpi",2003,2004,0.69,7.10874811335961
"cpi",2003,2004,0.7,7.21980515135969
"cpi",2003,2004,0.71,7.33255056353594
"cpi",2003,2004,0.72,7.44713426388821
"cpi",2003,2004,0.73,7.56372007581587
"cpi",2003,2004,0.74,7.68248784688814
"cpi",2003,2004,0.75,7.80363596076447
"cpi",2003,2004,0.76,7.92738434183592
"cpi",2003,2004,0.77,8.05397807604614
"cpi",2003,2004,0.78,8.18369180899941
"cpi",2003,2004,0.79,8.31683513390174
"cpi",2003,2004,0.8,8.45375925308045
"cpi",2003,2004,0.81,8.59486529678181
"cpi",2003,2004,0.82,8.74061482545588
"cpi",2003,2004,0.83,8.89154324839438
"cpi",2003,2004,0.84,9.04827719692236
"cpi",2003,2004,0.85,9.21155735091033
"cpi",2003,2004,0.86,9.3822689283036
"cpi",2003,2004,0.87,9.5614831735062
"cpi",2003,2004,0.88,9.7505150171855
"cpi",2003,2004,0.89,9.95100517710935
"cpi",2003,2004,0.9,10.1650403955222
"cpi",2003,2004,0.91,10.3953354473561
"cpi",2003,2004,0.92,10.6455197405325
"cpi",2003,2004,0.93,10.9206107787572
"cpi",2003,2004,0.94,11.2278443716001
"cpi",2003,2004,0.95,11.5782458999242
"cpi",2003,2004,0.96,11.9899225974108
"cpi",2003,2004,0.97,12.4960267648299
"cpi",2003,2004,0.98,13.168804080033
"cpi",2003,2004,0.99,14.2291843985264
"gdp",2003,2003,0.01,-1.49423957107257
"gdp",2003,2003,0.02,-1.19835184843697
"gdp",2003,2003,0.03,-1.01062057488865
"gdp",2003,2003,0.04,-0.869397650526193
"gdp",2003,2003,0.05,-0.754523696005292
"gdp",2003,2003,0.06,-0.656747918375656
"gdp",2003,2003,0.07,-0.571017688836309
"gdp",2003,2003,0.08,-0.494256493444225
"gdp",2003,2003,0.09,-0.424445257365911
"gdp",2003,2003,0.1,-0.360183900159458
"gdp",2003,2003,0.11,-0.300459674581627
"gdp",2003,2003,0.12,-0.244515051887191
"gdp",2003,2003,0.13,-0.191767749097425
"gdp",2003,2003,0.14,-0.141759941566445
"gdp",2003,2003,0.15,-0.0941247120346542
"gdp",2003,2003,0.16,-0.0485631412731968
"gdp",2003,2003,0.17,-0.0048282187356643
"gdp",2003,2003,0.18,0.0372867343292019
"gdp",2003,2003,0.19,0.0779565726527347
"gdp",2003,2003,0.2,0.117330696439038
"gdp",2003,2003,0.21,0.155537899167241
"gdp",2003,2003,0.22,0.192690111918093
"gdp",2003,2003,0.23,0.228885333923571
"gdp",2003,2003,0.24,0.264209953837888
"gdp",2003,2003,0.25,0.298740608562881
"gdp",2003,2003,0.26,0.332545686695036
"gdp",2003,2003,0.27,0.365686555770212
"gdp",2003,2003,0.28,0.3982185726148
"gdp",2003,2003,0.29,0.430191921758592
"gdp",2003,2003,0.3,0.461652316359129
"gdp",2003,2003,0.31,0.492641588305622
"gdp",2003,2003,0.32,0.523198188342336
"gdp",2003,2003,0.33,0.553357612641359
"gdp",2003,2003,0.34,0.583152768886006
"gdp",2003,2003,0.35,0.612614292330236
"gdp",2003,2003,0.36,0.641770820282603
"gdp",2003,2003,0.37,0.670649231884619
"gdp",2003,2003,0.38,0.699274858809051
"gdp",2003,2003,0.39,0.727671671516707
"gdp",2003,2003,0.4,0.755862444922999
"gdp",2003,2003,0.41,0.783868906694472
"gdp",2003,2003,0.42,0.811711870887523
"gdp",2003,2003,0.43,0.839411359231378
"gdp",2003,2003,0.44,0.866986712025592
"gdp",2003,2003,0.45,0.894456690353861
"gdp",2003,2003,0.46,0.921839571099123
"gdp",2003,2003,0.47,0.949153236070669
"gdp",2003,2003,0.48,0.976415256415439
"gdp",2003,2003,0.49,1.00364297337718
"gdp",2003,2003,0.5,1.03085357638487
"gdp",2003,2003,0.51,1.05806417939256
"gdp",2003,2003,0.52,1.08529189635429
"gdp",2003,2003,0.53,1.11255391669906
"gdp",2003,2003,0.54,1.13986758167061
"gdp",2003,2003,0.55,1.16725046241587
"gdp",2003,2003,0.56,1.19472044074414
"gdp",2003,2003,0.57,1.22229579353836
"gdp",2003,2003,0.58,1.24999528188221
"gdp",2003,2003,0.59,1.27783824607526
"gdp",2003,2003,0.6,1.30584470784673
"gdp",2003,2003,0.61,1.33403548125303
"gdp",2003,2003,0.62,1.36243229396068
"gdp",2003,2003,0.63,1.39105792088511
"gdp",2003,2003,0.64,1.41993633248713
"gdp",2003,2003,0.65,1.4490928604395
"gdp",2003,2003,0.66,1.47855438388373
"gdp",2003,2003,0.67,1.50834954012838
"gdp",2003,2003,0.68,1.5385089644274
"gdp",2003,2003,0.69,1.56906556446411
"gdp",2003,2003,0.7,1.6000548364106
"gdp",2003,2003,0.71,1.63151523101114
"gdp",2003,2003,0.72,1.66348858015493
"gdp",2003,2003,0.73,1.69602059699952
"gdp",2003,2003,0.74,1.7291614660747
"gdp",2003,2003,0.75,1.76296654420685
"gdp",2003,2003,0.76,1.79749719893185
"gdp",2003,2003,0.77,1.83282181884616
"gdp",2003,2003,0.78,1.86901704085164
"gdp",2003,2003,0.79,1.90616925360249
"gdp",2003,2003,0.8,1.9443764563307
"gdp",2003,2003,0.81,1.983750580117
"gdp",2003,2003,0.82,2.02442041844053
"gdp",2003,2003,0.83,2.0665353715054
"gdp",2003,2003,0.84,2.11027029404293
"gdp",2003,2003,0.85,2.15583186480439
"gdp",2003,2003,0.86,2.20346709433618
"gdp",2003,2003,0.87,2.25347490186716
"gdp",2003,2003,0.88,2.30622220465692
"gdp",2003,2003,0.89,2.36216682735136
"gdp",2003,2003,0.9,2.42189105292919
"gdp",2003,2003,0.91,2.48615241013564
"gdp",2003,2003,0.92,2.55596364621396
"gdp",2003,2003,0.93,2.63272484160604
"gdp",2003,2003,0.94,2.71845507114539
"gdp",2003,2003,0.95,2.81623084877503
"gdp",2003,2003,0.96,2.93110480329593
"gdp",2003,2003,0.97,3.07232772765838
"gdp",2003,2003,0.98,3.26005900120671
"gdp",2003,2003,0.99,3.55594672384231
"gdp",2003,2004,0.01,-2.05834381871572
"gdp",2003,2004,0.02,-1.46300332662432
"gdp",2003,2004,0.03,-1.08527887161931
"gdp",2003,2004,0.04,-0.801131477683416
"gdp",2003,2004,0.05,-0.569999492875844
"gdp",2003,2004,0.06,-0.373269871754201
"gdp",2003,2004,0.07,-0.20077647937401
"gdp",2003,2004,0.08,-0.0463292200177023
"gdp",2003,2004,0.09,0.094134383102316
"gdp",2003,2004,0.1,0.223431359945342
"gdp",2003,2004,0.11,0.34359940723223
"gdp",2003,2004,0.12,0.456162709650126
"gdp",2003,2004,0.13,0.562292848878738
"gdp",2003,2004,0.14,0.662910990377537
"gdp",2003,2004,0.15,0.758755389522374
"gdp",2003,2004,0.16,0.850427486343332
"gdp",2003,2004,0.17,0.938424278076188
"gdp",2003,2004,0.18,1.02316161242285
"gdp",2003,2004,0.19,1.10499130560896
"gdp",2003,2004,0.2,1.18421395811312
"gdp",2003,2004,0.21,1.26108870868078
"gdp",2003,2004,0.22,1.33584076809156
"gdp",2003,2004,0.23,1.4086673155676
"gdp",2003,2004,0.24,1.47974216928375
"gdp",2003,2004,0.25,1.5492195264147
"gdp",2003,2004,0.26,1.61723698814348
"gdp",2003,2004,0.27,1.68391802893763
"gdp",2003,2004,0.28,1.7493740294248
"gdp",2003,2004,0.29,1.81370596332027
"gdp",2003,2004,0.3,1.87700580772085
"gdp",2003,2004,0.31,1.93935773042262
"gdp",2003,2004,0.32,2.00083909619359
"gdp",2003,2004,0.33,2.06152132505878
"gdp",2003,2004,0.34,2.1214706288779
"gdp",2003,2004,0.35,2.18074864727223
"gdp",2003,2004,0.36,2.23941299989972
"gdp",2003,2004,0.37,2.29751776890068
"gdp",2003,2004,0.38,2.35511392283304
"gdp",2003,2004,0.39,2.41224969143005
"gdp",2003,2004,0.4,2.46897089892945
"gdp",2003,2004,0.41,2.52532126245333
"gdp",2003,2004,0.42,2.5813426608957
"gdp",2003,2004,0.43,2.63707537894977
"gdp",2003,2004,0.44,2.6925583302391
"gdp",2003,2004,0.45,2.74782926297676
"gdp",2003,2004,0.46,2.80292495114034
"gdp",2003,2004,0.47,2.85788137380005
"gdp",2003,2004,0.48,2.91273388495831
"gdp",2003,2004,0.49,2.96751737604114
"gdp",2003,2004,0.5,3.02226643301588
"gdp",2003,2004,0.51,3.07701548999062
"gdp",2003,2004,0.52,3.13179898107345
"gdp",2003,2004,0.53,3.18665149223171
"gdp",2003,2004,0.54,3.24160791489142
"gdp",2003,2004,0.55,3.296703603055
"gdp",2003,2004,0.56,3.35197453579266
"gdp",2003,2004,0.57,3.40745748708199
"gdp",2003,2004,0.58,3.46319020513606
"gdp",2003,2004,0.59,3.51921160357843
"gdp",2003,2004,0.6,3.57556196710231
"gdp",2003,2004,0.61,3.63228317460171
"gdp",2003,2004,0.62,3.68941894319871
"gdp",2003,2004,0.63,3.74701509713108
"gdp",2003,2004,0.64,3.80511986613204
"gdp",2003,2004,0.65,3.86378421875953
"gdp",2003,2004,0.66,3.92306223715386
"gdp",2003,2004,0.67,3.98301154097298
"gdp",2003,2004,0.68,4.04369376983817
"gdp",2003,2004,0.69,4.10517513560914
"gdp",2003,2004,0.7,4.16752705831091
"gdp",2003,2004,0.71,4.23082690271148
"gdp",2003,2004,0.72,4.29515883660696
"gdp",2003,2004,0.73,4.36061483709413
"gdp",2003,2004,0.74,4.42729587788827
"gdp",2003,2004,0.75,4.49531333961706
"gdp",2003,2004,0.76,4.56479069674801
"gdp",2003,2004,0.77,4.63586555046416
"gdp",2003,2004,0.78,4.7086920979402
"gdp",2003,2004,0.79,4.78344415735098
"gdp",2003,2004,0.8,4.86031890791864
"gdp",2003,2004,0.81,4.9395415604228
"gdp",2003,2004,0.82,5.02137125360891
"gdp",2003,2004,0.83,5.10610858795557
"gdp",2003,2004,0.84,5.19410537968843
"gdp",2003,2004,0.85,5.28577747650939
"gdp",2003,2004,0.86,5.38162187565422
"gdp",2003,2004,0.87,5.48224001715302
"gdp",2003,2004,0.88,5.58837015638163
"gdp",2003,2004,0.89,5.70093345879953
"gdp",2003,2004,0.9,5.82110150608642
"gdp",2003,2004,0.91,5.95039848292944
"gdp",2003,2004,0.92,6.09086208604946
"gdp",2003,2004,0.93,6.24530934540577
"gdp",2003,2004,0.94,6.41780273778596
"gdp",2003,2004,0.95,6.6145323589076
"gdp",2003,2004,0.96,6.84566434371518
"gdp",2003,2004,0.97,7.12981173765107
"gdp",2003,2004,0.98,7.50753619265608
"gdp",2003,2004,0.99,8.10287668474748
"cpi",2004,2004,0.01,-0.05838926485028
"cpi",2004,2004,0.02,0.258827702461922
"cpi",2004,2004,0.03,0.460091697920081
"cpi",2004,2004,0.04,0.611494761832912
"cpi",2004,2004,0.05,0.734649474545198
"cpi",2004,2004,0.06,0.839473477988097
"cpi",2004,2004,0.07,0.93138362275251
"cpi",2004,2004,0.08,1.0136781951418
"cpi",2004,2004,0.09,1.08852181621475
"cpi",2004,2004,0.1,1.1574154920551
"cpi",2004,2004,0.11,1.22144497440102
"cpi",2004,2004,0.12,1.28142239891353
"cpi",2004,2004,0.13,1.33797202279054
"cpi",2004,2004,0.14,1.39158467324324
"cpi",2004,2004,0.15,1.44265371698287
"cpi",2004,2004,0.16,1.49149962101089
"cpi",2004,2004,0.17,1.53838720177773
"cpi",2004,2004,0.18,1.58353803659687
"cpi",2004,2004,0.19,1.62713958470827
"cpi",2004,2004,0.2,1.66935201591971
"cpi",2004,2004,0.21,1.71031340786584
"cpi",2004,2004,0.22,1.75014376024676
"cpi",2004,2004,0.23,1.7889481366281
"cpi",2004,2004,0.24,1.82681915304224
"cpi",2004,2004,0.25,1.86383897080824
"cpi",2004,2004,0.26,1.90008090835575
"cpi",2004,2004,0.27,1.93561075693641
"cpi",2004,2004,0.28,1.97048786380677
"cpi",2004,2004,0.29,2.00476603107868
"cpi",2004,2004,0.3,2.03849426717017
"cpi",2004,2004,0.31,2.07171741944738
"cpi",2004,2004,0.32,2.10447671039963
"cpi",2004,2004,0.33,2.13681019496195
"cpi",2004,2004,0.34,2.16875315298782
"cpi",2004,2004,0.35,2.20033842809194
"cpi",2004,2004,0.36,2.23159672192049
"cpi",2004,2004,0.37,2.26255685121408
"cpi",2004,2004,0.38,2.29324597369437
"cpi",2004,2004,0.39,2.32368978774728
"cpi",2004,2004,0.4,2.3539127100317
"cpi",2004,2004,0.41,2.3839380344661
"cpi",2004,2004,0.42,2.41378807550069
"cpi",2004,2004,0.43,2.44348429814308
"cpi",2004,2004,0.44,2.47304743684998
"cpi",2004,2004,0.45,2.5024976051091
"cpi",2004,2004,0.46,2.53185439730348
"cpi",2004,2004,0.47,2.56113698426342
"cpi",2004,2004,0.48,2.59036420376256
"cpi",2004,2004,0.49,2.61955464709865
"cpi",2004,2004,0.5,2.648726742811
"cpi",2004,2004,0.51,2.67789883852335
"cpi",2004,2004,0.52,2.70708928185944
"cpi",2004,2004,0.53,2.73631650135858
"cpi",2004,2004,0.54,2.76559908831852
"cpi",2004,2004,0.55,2.7949558805129
"cpi",2004,2004,0.56,2.82440604877202
"cpi",2004,2004,0.57,2.85396918747892
"cpi",2004,2004,0.58,2.88366541012131
"cpi",2004,2004,0.59,2.91351545115589
"cpi",2004,2004,0.6,2.9435407755903
"cpi",2004,2004,0.61,2.97376369787472
"cpi",2004,2004,0.62,3.00420751192762
"cpi",2004,2004,0.63,3.03489663440792
"cpi",2004,2004,0.64,3.06585676370151
"cpi",2004,2004,0.65,3.09711505753006
"cpi",2004,2004,0.66,3.12870033263417
"cpi",2004,2004,0.67,3.16064329066005
"cpi",2004,2004,0.68,3.19297677522237
"cpi",2004,2004,0.69,3.22573606617462
"cpi",2004,2004,0.7,3.25895921845183
"cpi",2004,2004,0.71,3.29268745454332
"cpi",2004,2004,0.72,3.32696562181523
"cpi",2004,2004,0.73,3.36184272868559
"cpi",2004,2004,0.74,3.39737257726625
"cpi",2004,2004,0.75,3.43361451481376
"cpi",2004,2004,0.76,3.47063433257976
"cpi",2004,2004,0.77,3.5085053489939
"cpi",2004,2004,0.78,3.54730972537524
"cpi",2004,2004,0.79,3.58714007775616
"cpi",2004,2004,0.8,3.62810146970228
"cpi",2004,2004,0.81,3.67031390091373
"cpi",2004,2004,0.82,3.71391544902513
"cpi",2004,2004,0.83,3.75906628384427
"cpi",2004,2004,0.84,3.8059538646111
"cpi",2004,2004,0.85,3.85479976863913
"cpi",2004,2004,0.86,3.90586881237875
"cpi",2004,2004,0.87,3.95948146283146
"cpi",2004,2004,0.88,4.01603108670847
"cpi",2004,2004,0.89,4.07600851122098
"cpi",2004,2004,0.9,4.14003799356689
"cpi",2004,2004,0.91,4.20893166940724
"cpi",2004,2004,0.92,4.2837752904802
"cpi",2004,2004,0.93,4.36606986286949
"cpi",2004,2004,0.94,4.4579800076339
"cpi",2004,2004,0.95,4.5628040110768
"cpi",2004,2004,0.96,4.68595872378909
"cpi",2004,2004,0.97,4.83736178770191
"cpi",2004,2004,0.98,5.03862578316007
"cpi",2004,2004,0.99,5.35584275047228
"cpi",2004,2005,0.01,-4.41296477622166
"cpi",2004,2005,0.02,-3.35700002414612
"cpi",2004,2005,0.03,-2.68702424426755
"cpi",2004,2005,0.04,-2.1830275627444
"cpi",2004,2005,0.05,-1.77306514245503
"cpi",2004,2005,0.06,-1.4241227332736
"cpi",2004,2005,0.07,-1.11816850247781
"cpi",2004,2005,0.08,-0.844222980374985
"cpi",2004,2005,0.09,-0.595080488280739
"cpi",2004,2005,0.1,-0.365744416049993
"cpi",2004,2005,0.11,-0.152600469104724
"cpi",2004,2005,0.12,0.0470548227988337
"cpi",2004,2005,0.13,0.235299512429449
"cpi",2004,2005,0.14,0.413767485385281
"cpi",2004,2005,0.15,0.583768196785352
"cpi",2004,2005,0.16,0.746368430227771
"cpi",2004,2005,0.17,0.902449717491131
"cpi",2004,2005,0.18,1.05274965415523
"cpi",2004,2005,0.19,1.1978922621679
"cpi",2004,2005,0.2,1.33841072130451
"cpi",2004,2005,0.21,1.47476467001523
"cpi",2004,2005,0.22,1.607353568186
"cpi",2004,2005,0.23,1.73652715569035
"cpi",2004,2005,0.24,1.86259373654651
"cpi",2004,2005,0.25,1.98582681269745
"cpi",2004,2005,0.26,2.106470449516
"cpi",2004,2005,0.27,2.22474365559841
"cpi",2004,2005,0.28,2.34084398850786
"cpi",2004,2005,0.29,2.4549505469041
"cpi",2004,2005,0.3,2.5672264720038
"cpi",2004,2005,0.31,2.67782105354472
"cpi",2004,2005,0.32,2.78687151462714
"cpi",2004,2005,0.33,2.89450453406769
"cpi",2004,2005,0.34,3.00083755287861
"cpi",2004,2005,0.35,3.10597990222126
"cpi",2004,2005,0.36,3.21003378298509
"cpi",2004,2005,0.37,3.31309512150914
"cpi",2004,2005,0.38,3.41525432152263
"cpi",2004,2005,0.39,3.51659692885853
"cpi",2004,2005,0.4,3.61720422268483
"cpi",2004,2005,0.41,3.71715374474542
"cpi",2004,2005,0.42,3.81651977629034
"cpi",2004,2005,0.43,3.91537377091066
"cpi",2004,2005,0.44,4.01378475030976
"cpi",2004,2005,0.45,4.11181966908419
"cpi",2004,2005,0.46,4.20954375381377
"cpi",2004,2005,0.47,4.30702082113864
"cpi",2004,2005,0.48,4.40431357900645
"cpi",2004,2005,0.49,4.50148391488582
"cpi",2004,2005,0.5,4.59859317444854
"cpi",2004,2005,0.51,4.69570243401126
"cpi",2004,2005,0.52,4.79287276989063
"cpi",2004,2005,0.53,4.89016552775844
"cpi",2004,2005,0.54,4.98764259508331
"cpi",2004,2005,0.55,5.08536667981289
"cpi",2004,2005,0.56,5.18340159858732
"cpi",2004,2005,0.57,5.28181257798641
"cpi",2004,2005,0.58,5.38066657260674
"cpi",2004,2005,0.59,5.48003260415165
"cpi",2004,2005,0.6,5.57998212621225
"cpi",2004,2005,0.61,5.68058942003854
"cpi",2004,2005,0.62,5.78193202737445
"cpi",2004,2005,0.63,5.88409122738794
"cpi",2004,2005,0.64,5.98715256591199
"cpi",2004,2005,0.65,6.09120644667582
"cpi",2004,2005,0.66,6.19634879601847
"cpi",2004,2005,0.67,6.30268181482939
"cpi",2004,2005,0.68,6.41031483426994
"cpi",2004,2005,0.69,6.51936529535236
"cpi",2004,2005,0.7,6.62995987689328
"cpi",2004,2005,0.71,6.74223580199298
"cpi",2004,2005,0.72,6.85634236038922
"cpi",2004,2005,0.73,6.97244269329867
"cpi",2004,2005,0.74,7.09071589938108
"cpi",2004,2005,0.75,7.21135953619962
"cpi",2004,2005,0.76,7.33459261235057
"cpi",2004,2005,0.77,7.46065919320672
"cpi",2004,2005,0.78,7.58983278071108
"cpi",2004,2005,0.79,7.72242167888185
"cpi",2004,2005,0.8,7.85877562759257
"cpi",2004,2005,0.81,7.99929408672918
"cpi",2004,2005,0.82,8.14443669474185
"cpi",2004,2005,0.83,8.29473663140595
"cpi",2004,2005,0.84,8.45081791866931
"cpi",2004,2005,0.85,8.61341815211173
"cpi",2004,2005,0.86,8.7834188635118
"cpi",2004,2005,0.87,8.96188683646763
"cpi",2004,2005,0.88,9.15013152609825
"cpi",2004,2005,0.89,9.3497868180018
"cpi",2004,2005,0.9,9.56293076494707
"cpi",2004,2005,0.91,9.79226683717782
"cpi",2004,2005,0.92,10.0414093292721
"cpi",2004,2005,0.93,10.3153548513749
"cpi",2004,2005,0.94,10.6213090821707
"cpi",2004,2005,0.95,10.9702514913521
"cpi",2004,2005,0.96,11.3802139116415
"cpi",2004,2005,0.97,11.8842105931646
"cpi",2004,2005,0.98,12.5541863730432
"cpi",2004,2005,0.99,13.6101511251187
"gdp",2004,2004,0.01,-0.611188019520903
"gdp",2004,2004,0.02,-0.316893635234527
"gdp",2004,2004,0.03,-0.130173283784725
"gdp",2004,2004,0.04,0.0102891632616362
"gdp",2004,2004,0.05,0.124544528151866
"gdp",2004,2004,0.06,0.221793788848881
"gdp",2004,2004,0.07,0.307062366038491
"gdp",2004,2004,0.08,0.383410206813286
"gdp",2004,2004,0.09,0.452845513405039
"gdp",2004,2004,0.1,0.516760826903094
"gdp",2004,2004,0.11,0.5761634409651
"gdp",2004,2004,0.12,0.631806805087609
"gdp",2004,2004,0.13,0.684270066689033
"gdp",2004,2004,0.14,0.734008585055901
"gdp",2004,2004,0.15,0.781387301619492
"gdp",2004,2004,0.16,0.826703525945827
"gdp",2004,2004,0.17,0.870202938443745
"gdp",2004,2004,0.18,0.91209110491133
"gdp",2004,2004,0.19,0.952541938497253
"gdp",2004,2004,0.2,0.991704034894124
"gdp",2004,2004,0.21,1.0297054940356
"gdp",2004,2004,0.22,1.06665764426001
"gdp",2004,2004,0.23,1.1026579570791
"gdp",2004,2004,0.24,1.13779235594916
"gdp",2004,2004,0.25,1.17213706508673
"gdp",2004,2004,0.26,1.20576010481964
"gdp",2004,2004,0.27,1.23872251222309
"gdp",2004,2004,0.28,1.27107934603016
"gdp",2004,2004,0.29,1.30288052052983
"gdp",2004,2004,0.3,1.33417150271693
"gdp",2004,2004,0.31,1.36499389921835
"gdp",2004,2004,0.32,1.39538595372331
"gdp",2004,2004,0.33,1.42538297125906
"gdp",2004,2004,0.34,1.45501768230293
"gdp",2004,2004,0.35,1.4843205571398
"gdp",2004,2004,0.36,1.51332007886797
"gdp",2004,2004,0.37,1.54204298188632
"gdp",2004,2004,0.38,1.57051446145803
"gdp",2004,2004,0.39,1.59875835896434
"gdp",2004,2004,0.4,1.62679732667906
"gdp",2004,2004,0.41,1.6546529752665
"gdp",2004,2004,0.42,1.68234600670056
"gdp",2004,2004,0.43,1.70989633489462
"gdp",2004,2004,0.44,1.73732319600182
"gdp",2004,2004,0.45,1.76464525007851
"gdp",2004,2004,0.46,1.79188067558766
"gdp",2004,2004,0.47,1.81904725804605
"gdp",2004,2004,0.48,1.84616247398101
"gdp",2004,2004,0.49,1.87324357125467
"gdp",2004,2004,0.5,1.90030764673195
"gdp",2004,2004,0.51,1.92737172220923
"gdp",2004,2004,0.52,1.95445281948289
"gdp",2004,2004,0.53,1.98156803541785
"gdp",2004,2004,0.54,2.00873461787624
"gdp",2004,2004,0.55,2.03597004338539
"gdp",2004,2004,0.56,2.06329209746208
"gdp",2004,2004,0.57,2.09071895856928
"gdp",2004,2004,0.58,2.11826928676333
"gdp",2004,2004,0.59,2.1459623181974
"gdp",2004,2004,0.6,2.17381796678484
"gdp",2004,2004,0.61,2.20185693449956
"gdp",2004,2004,0.62,2.23010083200587
"gdp",2004,2004,0.63,2.25857231157757
"gdp",2004,2004,0.64,2.28729521459593
"gdp",2004,2004,0.65,2.3162947363241
"gdp",2004,2004,0.66,2.34559761116097
"gdp",2004,2004,0.67,2.37523232220484
"gdp",2004,2004,0.68,2.40522933974059
"gdp",2004,2004,0.69,2.43562139424555
"gdp",2004,2004,0.7,2.46644379074697
"gdp",2004,2004,0.71,2.49773477293406
"gdp",2004,2004,0.72,2.52953594743374
"gdp",2004,2004,0.73,2.56189278124081
"gdp",2004,2004,0.74,2.59485518864426
"gdp",2004,2004,0.75,2.62847822837716
"gdp",2004,2004,0.76,2.66282293751473
"gdp",2004,2004,0.77,2.6979573363848
"gdp",2004,2004,0.78,2.73395764920389
"gdp",2004,2004,0.79,2.7709097994283
"gdp",2004,2004,0.8,2.80891125856977
"gdp",2004,2004,0.81,2.84807335496664
"gdp",2004,2004,0.82,2.88852418855257
"gdp",2004,2004,0.83,2.93041235502015
"gdp",2004,2004,0.84,2.97391176751807
"gdp",2004,2004,0.85,3.0192279918444
"gdp",2004,2004,0.86,3.066606708408
"gdp",2004,2004,0.87,3.11634522677486
"gdp",2004,2004,0.88,3.16880848837629
"gdp",2004,2004,0.89,3.2244518524988
"gdp",2004,2004,0.9,3.2838544665608
"gdp",2004,2004,0.91,3.34776978005886
"gdp",2004,2004,0.92,3.41720508665061
"gdp",2004,2004,0.93,3.49355292742541
"gdp",2004,2004,0.94,3.57882150461502
"gdp",2004,2004,0.95,3.67607076531203
"gdp",2004,2004,0.96,3.79032613020226
"gdp",2004,2004,0.97,3.93078857724862
"gdp",2004,2004,0.98,4.11750892869842
"gdp",2004,2004,0.99,4.4118033129848
"gdp",2004,2005,0.01,-2.01453993875537
"gdp",2004,2005,0.02,-1.42097242208039
"gdp",2004,2005,0.03,-1.04437286313369
"gdp",2004,2005,0.04,-0.76107168468419
"gdp",2004,2005,0.05,-0.530628030894677
"gdp",2004,2005,0.06,-0.334484287580044
"gdp",2004,2005,0.07,-0.162504595423923
"gdp",2004,2005,0.08,-0.00851729334854934
"gdp",2004,2005,0.09,0.131527997026843
"gdp",2004,2005,0.1,0.260439916302971
"gdp",2004,2005,0.11,0.38025009276382
"gdp",2004,2005,0.12,0.492478171942864
"gdp",2004,2005,0.13,0.598292246448359
"gdp",2004,2005,0.14,0.698610738429456
"gdp",2004,2005,0.15,0.794169704673721
"gdp",2004,2005,0.16,0.885568794070869
"gdp",2004,2005,0.17,0.973303523755975
"gdp",2004,2005,0.18,1.05778850300056
"gdp",2004,2005,0.19,1.13937450029117
"gdp",2004,2005,0.2,1.21836122089219
"gdp",2004,2005,0.21,1.29500703181151
"gdp",2004,2005,0.22,1.36953647313159
"gdp",2004,2005,0.23,1.44214613685782
"gdp",2004,2005,0.24,1.51300932351951
"gdp",2004,2005,0.25,1.58227977107883
"gdp",2004,2005,0.26,1.65009467093062
"gdp",2004,2005,0.27,1.71657712982476
"gdp",2004,2005,0.28,1.78183819668779
"gdp",2004,2005,0.29,1.84597854452654
"gdp",2004,2005,0.3,1.90908987652207
"gdp",2004,2005,0.31,1.97125610981151
"gdp",2004,2005,0.32,2.03255437876388
"gdp",2004,2005,0.33,2.09305589070923
"gdp",2004,2005,0.34,2.1528266603226
"gdp",2004,2005,0.35,2.21192814365717
"gdp",2004,2005,0.36,2.27041778877457
"gdp",2004,2005,0.37,2.32834951675383
"gdp",2004,2005,0.38,2.38577414436409
"gdp",2004,2005,0.39,2.44273975770631
"gdp",2004,2005,0.4,2.49929204454968
"gdp",2004,2005,0.41,2.55547459182292
"gdp",2004,2005,0.42,2.61132915370109
"gdp",2004,2005,0.43,2.66689589490609
"gdp",2004,2005,0.44,2.72221361317335
"gdp",2004,2005,0.45,2.77731994429851
"gdp",2004,2005,0.46,2.83225155274307
"gdp",2004,2005,0.47,2.88704431042846
"gdp",2004,2005,0.48,2.94173346606982
"gdp",2004,2005,0.49,2.99635380718351
"gdp",2004,2005,0.5,3.05093981673685
"gdp",2004,2005,0.51,3.10552582629019
"gdp",2004,2005,0.52,3.16014616740388
"gdp",2004,2005,0.53,3.21483532304524
"gdp",2004,2005,0.54,3.26962808073063
"gdp",2004,2005,0.55,3.32455968917519
"gdp",2004,2005,0.56,3.37966602030035
"gdp",2004,2005,0.57,3.43498373856761
"gdp",2004,2005,0.58,3.49055047977262
"gdp",2004,2005,0.59,3.54640504165078
"gdp",2004,2005,0.6,3.60258758892402
"gdp",2004,2005,0.61,3.65913987576739
"gdp",2004,2005,0.62,3.71610548910961
"gdp",2004,2005,0.63,3.77353011671987
"gdp",2004,2005,0.64,3.83146184469913
"gdp",2004,2005,0.65,3.88995148981653
"gdp",2004,2005,0.66,3.9490529731511
"gdp",2004,2005,0.67,4.00882374276448
"gdp",2004,2005,0.68,4.06932525470982
"gdp",2004,2005,0.69,4.13062352366219
"gdp",2004,2005,0.7,4.19278975695163
"gdp",2004,2005,0.71,4.25590108894716
"gdp",2004,2005,0.72,4.32004143678591
"gdp",2004,2005,0.73,4.38530250364894
"gdp",2004,2005,0.74,4.45178496254308
"gdp",2004,2005,0.75,4.51959986239487
"gdp",2004,2005,0.76,4.58887030995419
"gdp",2004,2005,0.77,4.65973349661588
"gdp",2004,2005,0.78,4.73234316034211
"gdp",2004,2005,0.79,4.80687260166219
"gdp",2004,2005,0.8,4.88351841258152
"gdp",2004,2005,0.81,4.96250513318253
"gdp",2004,2005,0.82,5.04409113047314
"gdp",2004,2005,0.83,5.12857610971773
"gdp",2004,2005,0.84,5.21631083940283
"gdp",2004,2005,0.85,5.30770992879998
"gdp",2004,2005,0.86,5.40326889504424
"gdp",2004,2005,0.87,5.50358738702534
"gdp",2004,2005,0.88,5.60940146153084
"gdp",2004,2005,0.89,5.72162954070988
"gdp",2004,2005,0.9,5.84143971717073
"gdp",2004,2005,0.91,5.97035163644686
"gdp",2004,2005,0.92,6.11039692682225
"gdp",2004,2005,0.93,6.26438422889762
"gdp",2004,2005,0.94,6.43636392105375
"gdp",2004,2005,0.95,6.63250766436838
"gdp",2004,2005,0.96,6.86295131815789
"gdp",2004,2005,0.97,7.14625249660739
"gdp",2004,2005,0.98,7.52285205555408
"gdp",2004,2005,0.99,8.11641957222907
"cpi",2005,2005,0.01,-0.415873122946851
"cpi",2005,2005,0.02,-0.101045594277743
"cpi",2005,2005,0.03,0.0987023789692278
"cpi",2005,2005,0.04,0.24896499842645
"cpi",2005,2005,0.05,0.371192047552115
"cpi",2005,2005,0.06,0.475226463582107
"cpi",2005,2005,0.07,0.566444294648885
"cpi",2005,2005,0.08,0.648118982695129
"cpi",2005,2005,0.09,0.72239884375898
"cpi",2005,2005,0.1,0.790773577587142
"cpi",2005,2005,0.11,0.854320757486531
"cpi",2005,2005,0.12,0.913846401701604
"cpi",2005,2005,0.13,0.969970065209314
"cpi",2005,2005,0.14,1.02317887806205
"cpi",2005,2005,0.15,1.07386324393399
"cpi",2005,2005,0.16,1.12234121590709
"cpi",2005,2005,0.17,1.1688756157003
"cpi",2005,2005,0.18,1.21368635159472
"cpi",2005,2005,0.19,1.2569594707925
"cpi",2005,2005,0.2,1.29885393662142
"cpi",2005,2005,0.21,1.33950678664553
"cpi",2005,2005,0.22,1.3790371166665
"cpi",2005,2005,0.23,1.41754919885806
"cpi",2005,2005,0.24,1.45513495162177
"cpi",2005,2005,0.25,1.49187591739609
"cpi",2005,2005,0.26,1.52784486233917
"cpi",2005,2005,0.27,1.56310708212966
"cpi",2005,2005,0.28,1.59772147699057
"cpi",2005,2005,0.29,1.63174144376902
"cpi",2005,2005,0.3,1.66521562172685
"cpi",2005,2005,0.31,1.69818852041716
"cpi",2005,2005,0.32,1.73070105182062
"cpi",2005,2005,0.33,1.76279098422325
"cpi",2005,2005,0.34,1.79449333173283
"cpi",2005,2005,0.35,1.82584069056933
"cpi",2005,2005,0.36,1.85686353111862
"cpi",2005,2005,0.37,1.88759045305904
"cpi",2005,2005,0.38,1.91804840954654
"cpi",2005,2005,0.39,1.94826290539381
"cpi",2005,2005,0.4,1.97825817334112
"cpi",2005,2005,0.41,2.00805733184537
"cpi",2005,2005,0.42,2.03768252727301
"cpi",2005,2005,0.43,2.0671550629464
"cpi",2005,2005,0.44,2.09649551713981
"cpi",2005,2005,0.45,2.12572385183598
"cpi",2005,2005,0.46,2.15485951382318
"cpi",2005,2005,0.47,2.18392152952728
"cpi",2005,2005,0.48,2.21292859482631
"cpi",2005,2005,0.49,2.24189916097894
"cpi",2005,2005,0.5,2.27085151771142
"cpi",2005,2005,0.51,2.2998038744439
"cpi",2005,2005,0.52,2.32877444059653
"cpi",2005,2005,0.53,2.35778150589556
"cpi",2005,2005,0.54,2.38684352159966
"cpi",2005,2005,0.55,2.41597918358686
"cpi",2005,2005,0.56,2.44520751828304
"cpi",2005,2005,0.57,2.47454797247644
"cpi",2005,2005,0.58,2.50402050814983
"cpi",2005,2005,0.59,2.53364570357747
"cpi",2005,2005,0.6,2.56344486208172
"cpi",2005,2005,0.61,2.59344013002903
"cpi",2005,2005,0.62,2.6236546258763
"cpi",2005,2005,0.63,2.6541125823638
"cpi",2005,2005,0.64,2.68483950430422
"cpi",2005,2005,0.65,2.71586234485351
"cpi",2005,2005,0.66,2.74720970369001
"cpi",2005,2005,0.67,2.77891205119959
"cpi",2005,2005,0.68,2.81100198360222
"cpi",2005,2005,0.69,2.84351451500568
"cpi",2005,2005,0.7,2.87648741369599
"cpi",2005,2005,0.71,2.90996159165382
"cpi",2005,2005,0.72,2.94398155843227
"cpi",2005,2005,0.73,2.97859595329318
"cpi",2005,2005,0.74,3.01385817308367
"cpi",2005,2005,0.75,3.04982711802675
"cpi",2005,2005,0.76,3.08656808380107
"cpi",2005,2005,0.77,3.12415383656478
"cpi",2005,2005,0.78,3.16266591875634
"cpi",2005,2005,0.79,3.20219624877731
"cpi",2005,2005,0.8,3.24284909880142
"cpi",2005,2005,0.81,3.28474356463034
"cpi",2005,2005,0.82,3.32801668382812
"cpi",2005,2005,0.83,3.37282741972255
"cpi",2005,2005,0.84,3.41936181951575
"cpi",2005,2005,0.85,3.46783979148885
"cpi",2005,2005,0.86,3.51852415736079
"cpi",2005,2005,0.87,3.57173297021353
"cpi",2005,2005,0.88,3.62785663372124
"cpi",2005,2005,0.89,3.68738227793631
"cpi",2005,2005,0.9,3.7509294578357
"cpi",2005,2005,0.91,3.81930419166386
"cpi",2005,2005,0.92,3.89358405272771
"cpi",2005,2005,0.93,3.97525874077396
"cpi",2005,2005,0.94,4.06647657184074
"cpi",2005,2005,0.95,4.17051098787073
"cpi",2005,2005,0.96,4.29273803699639
"cpi",2005,2005,0.97,4.44300065645361
"cpi",2005,2005,0.98,4.64274862970058
"cpi",2005,2005,0.99,4.95757615836969
"cpi",2005,2006,0.01,-4.59837635718114
"cpi",2005,2006,0.02,-3.5466090286832
"cpi",2005,2006,0.03,-2.87929637949091
"cpi",2005,2006,0.04,-2.37730306744566
"cpi",2005,2006,0.05,-1.9689702336794
"cpi",2005,2006,0.06,-1.62141485857524
"cpi",2005,2006,0.07,-1.31667678532588
"cpi",2005,2006,0.08,-1.04382018725314
"cpi",2005,2006,0.09,-0.795668027997598
"cpi",2005,2006,0.1,-0.567243558767694
"cpi",2005,2006,0.11,-0.354946851682064
"cpi",2005,2006,0.12,-0.156085182698193
"cpi",2005,2006,0.13,0.0314112407643901
"cpi",2005,2006,0.14,0.209169809664775
"cpi",2005,2006,0.15,0.378494774082917
"cpi",2005,2006,0.16,0.540448677188805
"cpi",2005,2006,0.17,0.695909546702525
"cpi",2005,2006,0.18,0.845612046286809
"cpi",2005,2006,0.19,0.990177717423711
"cpi",2005,2006,0.2,1.13013762051732
"cpi",2005,2006,0.21,1.26594956697078
"cpi",2005,2006,0.22,1.3980114288307
"cpi",2005,2006,0.23,1.52667155576667
"cpi",2005,2006,0.24,1.65223702629903
"cpi",2005,2006,0.25,1.77498025520994
"cpi",2005,2006,0.26,1.89514433772076
"cpi",2005,2006,0.27,2.0129474118761
"cpi",2005,2006,0.28,2.12858624995463
"cpi",2005,2006,0.29,2.24223923870507
"cpi",2005,2006,0.3,2.35406887086338
"cpi",2005,2006,0.31,2.46422384274573
"cpi",2005,2006,0.32,2.57284083199532
"cpi",2005,2006,0.33,2.68004601388482
"cpi",2005,2006,0.34,2.78595636260248
"cpi",2005,2006,0.35,2.89068077472207
"cpi",2005,2006,0.36,2.994321044888
"cpi",2005,2006,0.37,3.09697271813543
"cpi",2005,2006,0.38,3.19872583884186
"cpi",2005,2006,0.39,3.29966561279852
"cpi",2005,2006,0.4,3.39987299609147
"cpi",2005,2006,0.41,3.49942522223888
"cpi",2005,2006,0.42,3.59839627722535
"cpi",2005,2006,0.43,3.69685733061639
"cpi",2005,2006,0.44,3.79487712975648
"cpi",2005,2006,0.45,3.89252236309994
"cpi",2005,2006,0.46,3.9898579979532
"cpi",2005,2006,0.47,4.08694759728744
"cpi",2005,2006,0.48,4.18385361978837
"cpi",2005,2006,0.49,4.28063770692406
"cpi",2005,2006,0.5,4.37736096051936
"cpi",2005,2006,0.51,4.47408421411465
"cpi",2005,2006,0.52,4.57086830125034
"cpi",2005,2006,0.53,4.66777432375127
"cpi",2005,2006,0.54,4.76486392308551
"cpi",2005,2006,0.55,4.86219955793877
"cpi",2005,2006,0.56,4.95984479128224
"cpi",2005,2006,0.57,5.05786459042232
"cpi",2005,2006,0.58,5.15632564381336
"cpi",2005,2006,0.59,5.25529669879983
"cpi",2005,2006,0.6,5.35484892494724
"cpi",2005,2006,0.61,5.4550563082402
"cpi",2005,2006,0.62,5.55599608219686
"cpi",2005,2006,0.63,5.65774920290328
"cpi",2005,2006,0.64,5.76040087615071
"cpi",2005,2006,0.65,5.86404114631664
"cpi",2005,2006,0.66,5.96876555843623
"cpi",2005,2006,0.67,6.0746759071539
"cpi",2005,2006,0.68,6.18188108904339
"cpi",2005,2006,0.69,6.29049807829298
"cpi",2005,2006,0.7,6.40065305017533
"cpi",2005,2006,0.71,6.51248268233364
"cpi",2005,2006,0.72,6.62613567108408
"cpi",2005,2006,0.73,6.74177450916261
"cpi",2005,2006,0.74,6.85957758331795
"cpi",2005,2006,0.75,6.97974166582877
"cpi",2005,2006,0.76,7.10248489473968
"cpi",2005,2006,0.77,7.22805036527204
"cpi",2005,2006,0.78,7.35671049220801
"cpi",2005,2006,0.79,7.48877235406793
"cpi",2005,2006,0.8,7.62458430052139
"cpi",2005,2006,0.81,7.764544203615
"cpi",2005,2006,0.82,7.9091098747519
"cpi",2005,2006,0.83,8.05881237433619
"cpi",2005,2006,0.84,8.21427324384991
"cpi",2005,2006,0.85,8.3762271469558
"cpi",2005,2006,0.86,8.54555211137394
"cpi",2005,2006,0.87,8.72331068027432
"cpi",2005,2006,0.88,8.9108071037369
"cpi",2005,2006,0.89,9.10966877272078
"cpi",2005,2006,0.9,9.3219654798064
"cpi",2005,2006,0.91,9.55038994903631
"cpi",2005,2006,0.92,9.79854210829185
"cpi",2005,2006,0.93,10.0713987063646
"cpi",2005,2006,0.94,10.376136779614
"cpi",2005,2006,0.95,10.7236921547181
"cpi",2005,2006,0.96,11.1320249884844
"cpi",2005,2006,0.97,11.6340183005296
"cpi",2005,2006,0.98,12.3013309497219
"cpi",2005,2006,0.99,13.3530982782198
"gdp",2005,2005,0.01,-1.59976757865008
"gdp",2005,2005,0.02,-1.30650792288537
"gdp",2005,2005,0.03,-1.1204440735081
"gdp",2005,2005,0.04,-0.980475487398075
"gdp",2005,2005,0.05,-0.866621840281331
"gdp",2005,2005,0.06,-0.769714504504147
"gdp",2005,2005,0.07,-0.684745728579972
"gdp",2005,2005,0.08,-0.608666324080672
"gdp",2005,2005,0.09,-0.539475149541642
"gdp",2005,2005,0.1,-0.475784559998167
"gdp",2005,2005,0.11,-0.416590803401043
"gdp",2005,2005,0.12,-0.361143079355182
"gdp",2005,2005,0.13,-0.308864276703765
"gdp",2005,2005,0.14,-0.259300637187216
"gdp",2005,2005,0.15,-0.212088502495267
"gdp",2005,2005,0.16,-0.166931608391689
"gdp",2005,2005,0.17,-0.123585138271167
"gdp",2005,2005,0.18,-0.0818442490976067
"gdp",2005,2005,0.19,-0.0415356391947407
"gdp",2005,2005,0.2,-0.00251123532709796
"gdp",2005,2005,0.21,0.0353566120441983
"gdp",2005,2005,0.22,0.0721788398310214
"gdp",2005,2005,0.23,0.108052576838779
"gdp",2005,2005,0.24,0.143063444419959
"gdp",2005,2005,0.25,0.177287398789478
"gdp",2005,2005,0.26,0.210792221118129
"gdp",2005,2005,0.27,0.243638733876953
"gdp",2005,2005,0.28,0.275881802214483
"gdp",2005,2005,0.29,0.307571164922855
"gdp",2005,2005,0.3,0.338752129136561
"gdp",2005,2005,0.31,0.369466155195086
"gdp",2005,2005,0.32,0.399751352324211
"gdp",2005,2005,0.33,0.429642901419966
"gdp",2005,2005,0.34,0.459173417880502
"gdp",2005,2005,0.35,0.488373264858267
"gdp",2005,2005,0.36,0.517270825306004
"gdp",2005,2005,0.37,0.545892739625406
"gdp",2005,2005,0.38,0.574264114493996
"gdp",2005,2005,0.39,0.602408707467589
"gdp",2005,2005,0.4,0.630349091175404
"gdp",2005,2005,0.41,0.658106800299431
"gdp",2005,2005,0.42,0.685702464026173
"gdp",2005,2005,0.43,0.713155926252389
"gdp",2005,2005,0.44,0.740486355497609
"gdp",2005,2005,0.45,0.767712346210085
"gdp",2005,2005,0.46,0.794852012937965
"gdp",2005,2005,0.47,0.821923078664789
"gdp",2005,2005,0.48,0.848942958471035
"gdp",2005,2005,0.49,0.875928839575983
"gdp",2005,2005,0.5,0.902897758732568
"gdp",2005,2005,0.51,0.929866677889154
"gdp",2005,2005,0.52,0.956852558994102
"gdp",2005,2005,0.53,0.983872438800348
"gdp",2005,2005,0.54,1.01094350452717
"gdp",2005,2005,0.55,1.03808317125505
"gdp",2005,2005,0.56,1.06530916196753
"gdp",2005,2005,0.57,1.09263959121275
"gdp",2005,2005,0.58,1.12009305343896
"gdp",2005,2005,0.59,1.14768871716571
"gdp",2005,2005,0.6,1.17544642628973
"gdp",2005,2005,0.61,1.20338680999755
"gdp",2005,2005,0.62,1.23153140297114
"gdp",2005,2005,0.63,1.25990277783973
"gdp",2005,2005,0.64,1.28852469215913
"gdp",2005,2005,0.65,1.31742225260687
"gdp",2005,2005,0.66,1.34662209958463
"gdp",2005,2005,0.67,1.37615261604517
"gdp",2005,2005,0.68,1.40604416514093
"gdp",2005,2005,0.69,1.43632936227005
"gdp",2005,2005,0.7,1.46704338832858
"gdp",2005,2005,0.71,1.49822435254228
"gdp",2005,2005,0.72,1.52991371525065
"gdp",2005,2005,0.73,1.56215678358818
"gdp",2005,2005,0.74,1.59500329634701
"gdp",2005,2005,0.75,1.62850811867566
"gdp",2005,2005,0.76,1.66273207304518
"gdp",2005,2005,0.77,1.69774294062636
"gdp",2005,2005,0.78,1.73361667763412
"gdp",2005,2005,0.79,1.77043890542094
"gdp",2005,2005,0.8,1.80830675279223
"gdp",2005,2005,0.81,1.84733115665988
"gdp",2005,2005,0.82,1.88763976656274
"gdp",2005,2005,0.83,1.9293806557363
"gdp",2005,2005,0.84,1.97272712585683
"gdp",2005,2005,0.85,2.0178840199604
"gdp",2005,2005,0.86,2.06509615465235
"gdp",2005,2005,0.87,2.1146597941689
"gdp",2005,2005,0.88,2.16693859682032
"gdp",2005,2005,0.89,2.22238632086618
"gdp",2005,2005,0.9,2.2815800774633
"gdp",2005,2005,0.91,2.34527066700678
"gdp",2005,2005,0.92,2.41446184154581
"gdp",2005,2005,0.93,2.49054124604511
"gdp",2005,2005,0.94,2.57551002196928
"gdp",2005,2005,0.95,2.67241735774647
"gdp",2005,2005,0.96,2.78627100486321
"gdp",2005,2005,0.97,2.92623959097324
"gdp",2005,2005,0.98,3.11230344035051
"gdp",2005,2005,0.99,3.40556309611522
"gdp",2005,2006,0.01,-2.1554278673505
"gdp",2005,2006,0.02,-1.56197234624938
"gdp",2005,2006,0.03,-1.18544384490361
"gdp",2005,2006,0.04,-0.902196120319373
"gdp",2005,2006,0.05,-0.671795947125622
"gdp",2005,2006,0.06,-0.475689212627132
"gdp",2005,2006,0.07,-0.303741969962898
"gdp",2005,2006,0.08,-0.149783722537215
"gdp",2005,2006,0.09,-0.0097648562032715
"gdp",2005,2006,0.1,0.119122739699403
"gdp",2005,2006,0.11,0.238910310122875
"gdp",2005,2006,0.12,0.351117213870686
"gdp",2005,2006,0.13,0.456911323152908
"gdp",2005,2006,0.14,0.557210886828861
"gdp",2005,2006,0.15,0.652751822805361
"gdp",2005,2006,0.16,0.744133666829101
"gdp",2005,2006,0.17,0.831851842539935
"gdp",2005,2006,0.18,0.916320880980032
"gdp",2005,2006,0.19,0.997891484452196
"gdp",2005,2006,0.2,1.07686330167179
"gdp",2005,2006,0.21,1.15349465089748
"gdp",2005,2006,0.22,1.22801002984502
"gdp",2005,2006,0.23,1.3006059934264
"gdp",2005,2006,0.24,1.37145580947222
"gdp",2005,2006,0.25,1.44071318693705
"gdp",2005,2006,0.26,1.50851529133017
"gdp",2005,2006,0.27,1.57498520617342
"gdp",2005,2006,0.28,1.64023395944039
"gdp",2005,2006,0.29,1.70436220514272
"gdp",2005,2006,0.3,1.7674616291587
"gdp",2005,2006,0.31,1.82961613279182
"gdp",2005,2006,0.32,1.89090283585723
"gdp",2005,2006,0.33,1.95139293224939
"gdp",2005,2006,0.34,2.0111524241876
"gdp",2005,2006,0.35,2.07024275612936
"gdp",2005,2006,0.36,2.12872136529686
"gdp",2005,2006,0.37,2.18664216259522
"gdp",2005,2006,0.38,2.24405595520535
"gdp",2005,2006,0.39,2.30101082015521
"gdp",2005,2006,0.4,2.35755243659354
"gdp",2005,2006,0.41,2.41372438322499
"gdp",2005,2006,0.42,2.46956840634635
"gdp",2005,2006,0.43,2.52512466310115
"gdp",2005,2006,0.44,2.58043194390438
"gdp",2005,2006,0.45,2.63552787745049
"gdp",2005,2006,0.46,2.69044912128304
"gdp",2005,2006,0.47,2.74523154055507
"gdp",2005,2006,0.48,2.79991037733094
"gdp",2005,2006,0.49,2.85452041256319
"gdp",2005,2006,0.5,2.90909612271286
"gdp",2005,2006,0.51,2.96367183286252
"gdp",2005,2006,0.52,3.01828186809477
"gdp",2005,2006,0.53,3.07296070487064
"gdp",2005,2006,0.54,3.12774312414267
"gdp",2005,2006,0.55,3.18266436797523
"gdp",2005,2006,0.56,3.23776030152133
"gdp",2005,2006,0.57,3.29306758232457
"gdp",2005,2006,0.58,3.34862383907937
"gdp",2005,2006,0.59,3.40446786220072
"gdp",2005,2006,0.6,3.46063980883217
"gdp",2005,2006,0.61,3.5171814252705
"gdp",2005,2006,0.62,3.57413629022037
"gdp",2005,2006,0.63,3.6315500828305
"gdp",2005,2006,0.64,3.68947088012885
"gdp",2005,2006,0.65,3.74794948929636
"gdp",2005,2006,0.66,3.80703982123811
"gdp",2005,2006,0.67,3.86679931317632
"gdp",2005,2006,0.68,3.92728940956849
"gdp",2005,2006,0.69,3.98857611263389
"gdp",2005,2006,0.7,4.05073061626701
"gdp",2005,2006,0.71,4.113830040283
"gdp",2005,2006,0.72,4.17795828598532
"gdp",2005,2006,0.73,4.24320703925229
"gdp",2005,2006,0.74,4.30967695409554
"gdp",2005,2006,0.75,4.37747905848866
"gdp",2005,2006,0.76,4.4467364359535
"gdp",2005,2006,0.77,4.51758625199932
"gdp",2005,2006,0.78,4.5901822155807
"gdp",2005,2006,0.79,4.66469759452824
"gdp",2005,2006,0.8,4.74132894375392
"gdp",2005,2006,0.81,4.82030076097352
"gdp",2005,2006,0.82,4.90187136444568
"gdp",2005,2006,0.83,4.98634040288578
"gdp",2005,2006,0.84,5.07405857859662
"gdp",2005,2006,0.85,5.16544042262035
"gdp",2005,2006,0.86,5.26098135859685
"gdp",2005,2006,0.87,5.36128092227281
"gdp",2005,2006,0.88,5.46707503155503
"gdp",2005,2006,0.89,5.57928193530284
"gdp",2005,2006,0.9,5.69906950572631
"gdp",2005,2006,0.91,5.82795710162899
"gdp",2005,2006,0.92,5.96797596796293
"gdp",2005,2006,0.93,6.12193421538861
"gdp",2005,2006,0.94,6.29388145805285
"gdp",2005,2006,0.95,6.48998819255134
"gdp",2005,2006,0.96,6.72038836574509
"gdp",2005,2006,0.97,7.00363609032932
"gdp",2005,2006,0.98,7.3801645916751
"gdp",2005,2006,0.99,7.97362011277621
"cpi",2006,2006,0.01,-0.26639308464892
"cpi",2006,2006,0.02,0.0458108463871505
"cpi",2006,2006,0.03,0.24389423105119
"cpi",2006,2006,0.04,0.392904645358473
"cpi",2006,2006,0.05,0.514113122194305
"cpi",2006,2006,0.06,0.617280573226652
"cpi",2006,2006,0.07,0.707738245591016
"cpi",2006,2006,0.08,0.788732302184404
"cpi",2006,2006,0.09,0.862393156173195
"cpi",2006,2006,0.1,0.930198092974428
"cpi",2006,2006,0.11,0.993215705998026
"cpi",2006,2006,0.12,1.05224529658041
"cpi",2006,2006,0.13,1.10790125667171
"cpi",2006,2006,0.14,1.16066665685324
"cpi",2006,2006,0.15,1.21092864739195
"cpi",2006,2006,0.16,1.25900263089218
"cpi",2006,2006,0.17,1.30514923886277
"cpi",2006,2006,0.18,1.34958654699145
"cpi",2006,2006,0.19,1.39249905206637
"cpi",2006,2006,0.2,1.43404439270331
"cpi",2006,2006,0.21,1.47435846447143
"cpi",2006,2006,0.22,1.5135593706942
"cpi",2006,2006,0.23,1.55175051459897
"cpi",2006,2006,0.24,1.58902304859048
"cpi",2006,2006,0.25,1.6254578355778
"cpi",2006,2006,0.26,1.66112703532638
"cpi",2006,2006,0.27,1.69609539937697
"cpi",2006,2006,0.28,1.73042133711086
"cpi",2006,2006,0.29,1.76415780039553
"cpi",2006,2006,0.3,1.79735302316025
"cpi",2006,2006,0.31,1.83005114404023
"cpi",2006,2006,0.32,1.86229273407844
"cpi",2006,2006,0.33,1.89411524682101
"cpi",2006,2006,0.34,1.92555340458759
"cpi",2006,2006,0.35,1.95663953195938
"cpi",2006,2006,0.36,1.98740384539899
"cpi",2006,2006,0.37,2.01787470625093
"cpi",2006,2006,0.38,2.04807884305854
"cpi",2006,2006,0.39,2.07804154809157
"cpi",2006,2006,0.4,2.10778685214811
"cpi",2006,2006,0.41,2.13733768102868
"cpi",2006,2006,0.42,2.16671599654423
"cpi",2006,2006,0.43,2.19594292448706
"cpi",2006,2006,0.44,2.22503887164355
"cpi",2006,2006,0.45,2.25402363364439
"cpi",2006,2006,0.46,2.28291649521908
"cpi",2006,2006,0.47,2.31173632423788
"cpi",2006,2006,0.48,2.34050166077773
"cpi",2006,2006,0.49,2.36923080233478
"cpi",2006,2006,0.5,2.39794188621887
"cpi",2006,2006,0.51,2.42665297010296
"cpi",2006,2006,0.52,2.45538211166001
"cpi",2006,2006,0.53,2.48414744819986
"cpi",2006,2006,0.54,2.51296727721865
"cpi",2006,2006,0.55,2.54186013879335
"cpi",2006,2006,0.56,2.57084490079418
"cpi",2006,2006,0.57,2.59994084795068
"cpi",2006,2006,0.58,2.62916777589351
"cpi",2006,2006,0.59,2.65854609140906
"cpi",2006,2006,0.6,2.68809692028963
"cpi",2006,2006,0.61,2.71784222434616
"cpi",2006,2006,0.62,2.74780492937919
"cpi",2006,2006,0.63,2.77800906618681
"cpi",2006,2006,0.64,2.80847992703875
"cpi",2006,2006,0.65,2.83924424047835
"cpi",2006,2006,0.66,2.87033036785015
"cpi",2006,2006,0.67,2.90176852561673
"cpi",2006,2006,0.68,2.93359103835929
"cpi",2006,2006,0.69,2.96583262839751
"cpi",2006,2006,0.7,2.99853074927749
"cpi",2006,2006,0.71,3.03172597204221
"cpi",2006,2006,0.72,3.06546243532688
"cpi",2006,2006,0.73,3.09978837306077
"cpi",2006,2006,0.74,3.13475673711136
"cpi",2006,2006,0.75,3.17042593685993
"cpi",2006,2006,0.76,3.20686072384726
"cpi",2006,2006,0.77,3.24413325783876
"cpi",2006,2006,0.78,3.28232440174354
"cpi",2006,2006,0.79,3.3215253079663
"cpi",2006,2006,0.8,3.36183937973442
"cpi",2006,2006,0.81,3.40338472037136
"cpi",2006,2006,0.82,3.44629722544629
"cpi",2006,2006,0.83,3.49073453357497
"cpi",2006,2006,0.84,3.53688114154556
"cpi",2006,2006,0.85,3.58495512504579
"cpi",2006,2006,0.86,3.6352171155845
"cpi",2006,2006,0.87,3.68798251576602
"cpi",2006,2006,0.88,3.74363847585733
"cpi",2006,2006,0.89,3.80266806643971
"cpi",2006,2006,0.9,3.86568567946331
"cpi",2006,2006,0.91,3.93349061626454
"cpi",2006,2006,0.92,4.00715147025333
"cpi",2006,2006,0.93,4.08814552684672
"cpi",2006,2006,0.94,4.17860319921108
"cpi",2006,2006,0.95,4.28177065024343
"cpi",2006,2006,0.96,4.40297912707926
"cpi",2006,2006,0.97,4.55198954138655
"cpi",2006,2006,0.98,4.75007292605058
"cpi",2006,2006,0.99,5.06227685708666
"cpi",2006,2007,0.01,-4.64895396175885
"cpi",2006,2007,0.02,-3.6027735961436
"cpi",2006,2007,0.03,-2.93900569577662
"cpi",2006,2007,0.04,-2.43967896019345
"cpi",2006,2007,0.05,-2.03351518066972
"cpi",2006,2007,0.06,-1.68780601140194
"cpi",2006,2007,0.07,-1.38468669950602
"cpi",2006,2007,0.08,-1.11327950915343
"cpi",2006,2007,0.09,-0.866445528230169
"cpi",2006,2007,0.1,-0.639234444315159
"cpi",2006,2007,0.11,-0.428065452257812
"cpi",2006,2007,0.12,-0.230260131701296
"cpi",2006,2007,0.13,-0.0437596847538027
"cpi",2006,2007,0.14,0.133054634881923
"cpi",2006,2007,0.15,0.30148014914062
"cpi",2006,2007,0.16,0.462573756988381
"cpi",2006,2007,0.17,0.617208822083053
"cpi",2006,2007,0.18,0.76611610557157
"cpi",2006,2007,0.19,0.909913847322506
"cpi",2006,2007,0.2,1.04913028675979
"cpi",2006,2007,0.21,1.18422080340334
"cpi",2006,2007,0.22,1.315581155813
"cpi",2006,2007,0.23,1.44355784323321
"cpi",2006,2007,0.24,1.56845631299058
"cpi",2006,2007,0.25,1.69054753280648
"cpi",2006,2007,0.26,1.81007330658623
"cpi",2006,2007,0.27,1.92725061363041
"cpi",2006,2007,0.28,2.04227518096803
"cpi",2006,2007,0.29,2.15532444776168
"cpi",2006,2007,0.3,2.26656004358978
"cpi",2006,2007,0.31,2.37612987489724
"cpi",2006,2007,0.32,2.48416989329888
"cpi",2006,2007,0.33,2.59080560382734
"cpi",2006,2007,0.34,2.6961533593068
"cpi",2006,2007,0.35,2.80032147785501
"cpi",2006,2007,0.36,2.90341121338569
"cpi",2006,2007,0.37,3.00551760340104
"cpi",2006,2007,0.38,3.10673021396499
"cpi",2006,2007,0.39,3.20713379825763
"cpi",2006,2007,0.4,3.30680888232826
"cpi",2006,2007,0.41,3.40583228943243
"cpi",2006,2007,0.42,3.50427761254295
"cpi",2006,2007,0.43,3.60221564317432
"cpi",2006,2007,0.44,3.69971476348675
"cpi",2006,2007,0.45,3.79684130768711
"cpi",2006,2007,0.46,3.89365989797704
"cpi",2006,2007,0.47,3.99023375968274
"cpi",2006,2007,0.48,4.08662501971088
"cpi",2006,2007,0.49,4.18289499209152
"cpi",2006,2007,0.5,4.27910445407807
"cpi",2006,2007,0.51,4.37531391606462
"cpi",2006,2007,0.52,4.47158388844526
"cpi",2006,2007,0.53,4.5679751484734
"cpi",2006,2007,0.54,4.6645490101791
"cpi",2006,2007,0.55,4.76136760046903
"cpi",2006,2007,0.56,4.85849414466939
"cpi",2006,2007,0.57,4.95599326498182
"cpi",2006,2007,0.58,5.05393129561319
"cpi",2006,2007,0.59,5.15237661872371
"cpi",2006,2007,0.6,5.25140002582787
"cpi",2006,2007,0.61,5.35107510989851
"cpi",2006,2007,0.62,5.45147869419115
"cpi",2006,2007,0.63,5.55269130475509
"cpi",2006,2007,0.64,5.65479769477045
"cpi",2006,2007,0.65,5.75788743030112
"cpi",2006,2007,0.66,5.86205554884934
"cpi",2006,2007,0.67,5.9674033043288
"cpi",2006,2007,0.68,6.07403901485726
"cpi",2006,2007,0.69,6.1820790332589
"cpi",2006,2007,0.7,6.29164886456637
"cpi",2006,2007,0.71,6.40288446039446
"cpi",2006,2007,0.72,6.51593372718811
"cpi",2006,2007,0.73,6.63095829452573
"cpi",2006,2007,0.74,6.7481356015699
"cpi",2006,2007,0.75,6.86766137534966
"cpi",2006,2007,0.76,6.98975259516556
"cpi",2006,2007,0.77,7.11465106492293
"cpi",2006,2007,0.78,7.24262775234314
"cpi",2006,2007,0.79,7.3739881047528
"cpi",2006,2007,0.8,7.50907862139635
"cpi",2006,2007,0.81,7.64829506083363
"cpi",2006,2007,0.82,7.79209280258457
"cpi",2006,2007,0.83,7.94100008607309
"cpi",2006,2007,0.84,8.09563515116776
"cpi",2006,2007,0.85,8.25672875901552
"cpi",2006,2007,0.86,8.42515427327422
"cpi",2006,2007,0.87,8.60196859290994
"cpi",2006,2007,0.88,8.78846903985744
"cpi",2006,2007,0.89,8.98627436041395
"cpi",2006,2007,0.9,9.1974433524713
"cpi",2006,2007,0.91,9.42465443638631
"cpi",2006,2007,0.92,9.67148841730957
"cpi",2006,2007,0.93,9.94289560766216
"cpi",2006,2007,0.94,10.2460149195581
"cpi",2006,2007,0.95,10.5917240888259
"cpi",2006,2007,0.96,10.9978878683496
"cpi",2006,2007,0.97,11.4972146039328
"cpi",2006,2007,0.98,12.1609825042997
"cpi",2006,2007,0.99,13.207162869915
"gdp",2006,2006,0.01,-0.753386582719645
"gdp",2006,2006,0.02,-0.462719374484784
"gdp",2006,2006,0.03,-0.278300349948682
"gdp",2006,2006,0.04,-0.139569101495522
"gdp",2006,2006,0.05,-0.0267219331099318
"gdp",2006,2006,0.06,0.0693287311874844
"gdp",2006,2006,0.07,0.153546373810746
"gdp",2006,2006,0.08,0.228953228027763
"gdp",2006,2006,0.09,0.297532744993051
"gdp",2006,2006,0.1,0.360660302737602
"gdp",2006,2006,0.11,0.419330780032386
"gdp",2006,2006,0.12,0.474288340114631
"gdp",2006,2006,0.13,0.526104992415213
"gdp",2006,2006,0.14,0.575230483920914
"gdp",2006,2006,0.15,0.622025258162644
"gdp",2006,2006,0.16,0.666782960368279
"gdp",2006,2006,0.17,0.709746242937486
"gdp",2006,2006,0.18,0.751118138071448
"gdp",2006,2006,0.19,0.791070415440601
"gdp",2006,2006,0.2,0.82974983929677
"gdp",2006,2006,0.21,0.867282930742902
"gdp",2006,2006,0.22,0.903779645996402
"gdp",2006,2006,0.23,0.939336255233379
"gdp",2006,2006,0.24,0.974037622904174
"gdp",2006,2006,0.25,1.00795903376243
"gdp",2006,2006,0.26,1.04116766978595
"gdp",2006,2006,0.27,1.07372381576847
"gdp",2006,2006,0.28,1.10568185184458
"gdp",2006,2006,0.29,1.13709107711003
"gdp",2006,2006,0.3,1.16799639817929
"gdp",2006,2006,0.31,1.19843890887789
"gdp",2006,2006,0.32,1.22845638154187
"gdp",2006,2006,0.33,1.25808368606428
"gdp",2006,2006,0.34,1.28735314951957
"gdp",2006,2006,0.35,1.3162948666466
"gdp",2006,2006,0.36,1.34493696948969
"gdp",2006,2006,0.37,1.37330586294646
"gdp",2006,2006,0.38,1.40142643174865
"gdp",2006,2006,0.39,1.42932222343267
"gdp",2006,2006,0.4,1.45701561108323
"gdp",2006,2006,0.41,1.48452793901336
"gdp",2006,2006,0.42,1.5118796540453
"gdp",2006,2006,0.43,1.53909042465357
"gdp",2006,2006,0.44,1.5661792499059
"gdp",2006,2006,0.45,1.59316455987357
"gdp",2006,2006,0.46,1.62006430897014
"gdp",2006,2006,0.47,1.64689606350603
"gdp",2006,2006,0.48,1.6736770846105
"gdp",2006,2006,0.49,1.70042440756592
"gdp",2006,2006,0.5,1.72715491851845
"gdp",2006,2006,0.51,1.75388542947099
"gdp",2006,2006,0.52,1.78063275242641
"gdp",2006,2006,0.53,1.80741377353087
"gdp",2006,2006,0.54,1.83424552806676
"gdp",2006,2006,0.55,1.86114527716333
"gdp",2006,2006,0.56,1.88813058713101
"gdp",2006,2006,0.57,1.91521941238334
"gdp",2006,2006,0.58,1.94243018299161
"gdp",2006,2006,0.59,1.96978189802355
"gdp",2006,2006,0.6,1.99729422595368
"gdp",2006,2006,0.61,2.02498761360424
"gdp",2006,2006,0.62,2.05288340528826
"gdp",2006,2006,0.63,2.08100397409045
"gdp",2006,2006,0.64,2.10937286754722
"gdp",2006,2006,0.65,2.13801497039031
"gdp",2006,2006,0.66,2.16695668751733
"gdp",2006,2006,0.67,2.19622615097263
"gdp",2006,2006,0.68,2.22585345549504
"gdp",2006,2006,0.69,2.25587092815902
"gdp",2006,2006,0.7,2.28631343885762
"gdp",2006,2006,0.71,2.31721875992688
"gdp",2006,2006,0.72,2.34862798519233
"gdp",2006,2006,0.73,2.38058602126844
"gdp",2006,2006,0.74,2.41314216725095
"gdp",2006,2006,0.75,2.44635080327448
"gdp",2006,2006,0.76,2.48027221413273
"gdp",2006,2006,0.77,2.51497358180353
"gdp",2006,2006,0.78,2.55053019104051
"gdp",2006,2006,0.79,2.58702690629401
"gdp",2006,2006,0.8,2.62455999774014
"gdp",2006,2006,0.81,2.66323942159631
"gdp",2006,2006,0.82,2.70319169896546
"gdp",2006,2006,0.83,2.74456359409942
"gdp",2006,2006,0.84,2.78752687666863
"gdp",2006,2006,0.85,2.83228457887426
"gdp",2006,2006,0.86,2.87907935311599
"gdp",2006,2006,0.87,2.92820484462169
"gdp",2006,2006,0.88,2.98002149692228
"gdp",2006,2006,0.89,3.03497905700452
"gdp",2006,2006,0.9,3.09364953429931
"gdp",2006,2006,0.91,3.15677709204386
"gdp",2006,2006,0.92,3.22535660900915
"gdp",2006,2006,0.93,3.30076346322616
"gdp",2006,2006,0.94,3.38498110584942
"gdp",2006,2006,0.95,3.48103177014684
"gdp",2006,2006,0.96,3.59387893853243
"gdp",2006,2006,0.97,3.73261018698559
"gdp",2006,2006,0.98,3.91702921152169
"gdp",2006,2006,0.99,4.20769641975655
"gdp",2006,2007,0.01,-2.07062089811467
"gdp",2006,2007,0.02,-1.48255038507089
"gdp",2006,2007,0.03,-1.10943849868861
"gdp",2006,2007,0.04,-0.828760960453432
"gdp",2006,2007,0.05,-0.600451435581155
"gdp",2006,2007,0.06,-0.406124171165632
"gdp",2006,2007,0.07,-0.235737175654319
"gdp",2006,2007,0.08,-0.0831759434612889
"gdp",2006,2007,0.09,0.0555723934115964
"gdp",2006,2007,0.1,0.18329046486341
"gdp",2006,2007,0.11,0.301991084354651
"gdp",2006,2007,0.12,0.413179824045871
"gdp",2006,2007,0.13,0.518013958889157
"gdp",2006,2007,0.14,0.617403405565036
"gdp",2006,2007,0.15,0.712077404270341
"gdp",2006,2007,0.16,0.802630050571817
"gdp",2006,2007,0.17,0.889552272641339
"gdp",2006,2007,0.18,0.973254840071526
"gdp",2006,2007,0.19,1.05408527289683
"gdp",2006,2007,0.2,1.13234050082386
"gdp",2006,2007,0.21,1.20827649813462
"gdp",2006,2007,0.22,1.28211572545535
"gdp",2006,2007,0.23,1.35405295416122
"gdp",2006,2007,0.24,1.42425987985267
"gdp",2006,2007,0.25,1.49288881673111
"gdp",2006,2007,0.26,1.56007568566769
"gdp",2006,2007,0.27,1.6259424533259
"gdp",2006,2007,0.28,1.69059914021286
"gdp",2006,2007,0.29,1.75414548700696
"gdp",2006,2007,0.3,1.81667234762997
"gdp",2006,2007,0.31,1.87826286206599
"gdp",2006,2007,0.32,1.9389934503459
"gdp",2006,2007,0.33,1.99893466035168
"gdp",2006,2007,0.34,2.05815189539927
"gdp",2006,2007,0.35,2.11670604239994
"gdp",2006,2007,0.36,2.17465401739125
"gdp",2006,2007,0.37,2.23204924209141
"gdp",2006,2007,0.38,2.28894206265762
"gdp",2006,2007,0.39,2.34538011986746
"gdp",2006,2007,0.4,2.40140867837767
"gdp",2006,2007,0.41,2.45707092146024
"gdp",2006,2007,0.42,2.51240821660659
"gdp",2006,2007,0.43,2.56746035657483
"gdp",2006,2007,0.44,2.62226577979622
"gdp",2006,2007,0.45,2.67686177352287
"gdp",2006,2007,0.46,2.73128466266827
"gdp",2006,2007,0.47,2.7855699869455
"gdp",2006,2007,0.48,2.83975266863285
"gdp",2006,2007,0.49,2.89386717308094
"gdp",2006,2007,0.5,2.94794766391181
"gdp",2006,2007,0.51,3.00202815474269
"gdp",2006,2007,0.52,3.05614265919078
"gdp",2006,2007,0.53,3.11032534087813
"gdp",2006,2007,0.54,3.16461066515535
"gdp",2006,2007,0.55,3.21903355430076
"gdp",2006,2007,0.56,3.27362954802741
"gdp",2006,2007,0.57,3.3284349712488
"gdp",2006,2007,0.58,3.38348711121704
"gdp",2006,2007,0.59,3.43882440636339
"gdp",2006,2007,0.6,3.49448664944596
"gdp",2006,2007,0.61,3.55051520795617
"gdp",2006,2007,0.62,3.60695326516601
"gdp",2006,2007,0.63,3.66384608573222
"gdp",2006,2007,0.64,3.72124131043237
"gdp",2006,2007,0.65,3.77918928542369
"gdp",2006,2007,0.66,3.83774343242436
"gdp",2006,2007,0.67,3.89696066747195
"gdp",2006,2007,0.68,3.95690187747773
"gdp",2006,2007,0.69,4.01763246575764
"gdp",2006,2007,0.7,4.07922298019366
"gdp",2006,2007,0.71,4.14174984081667
"gdp",2006,2007,0.72,4.20529618761077
"gdp",2006,2007,0.73,4.26995287449773
"gdp",2006,2007,0.74,4.33581964215594
"gdp",2006,2007,0.75,4.40300651109252
"gdp",2006,2007,0.76,4.47163544797096
"gdp",2006,2007,0.77,4.54184237366241
"gdp",2006,2007,0.78,4.61377960236828
"gdp",2006,2007,0.79,4.68761882968901
"gdp",2006,2007,0.8,4.76355482699977
"gdp",2006,2007,0.81,4.84181005492681
"gdp",2006,2007,0.82,4.9226404877521
"gdp",2006,2007,0.83,5.00634305518229
"gdp",2006,2007,0.84,5.09326527725181
"gdp",2006,2007,0.85,5.18381792355329
"gdp",2006,2007,0.86,5.27849192225859
"gdp",2006,2007,0.87,5.37788136893447
"gdp",2006,2007,0.88,5.48271550377776
"gdp",2006,2007,0.89,5.59390424346898
"gdp",2006,2007,0.9,5.71260486296022
"gdp",2006,2007,0.91,5.84032293441203
"gdp",2006,2007,0.92,5.97907127128492
"gdp",2006,2007,0.93,6.13163250347795
"gdp",2006,2007,0.94,6.30201949898926
"gdp",2006,2007,0.95,6.49634676340478
"gdp",2006,2007,0.96,6.72465628827706
"gdp",2006,2007,0.97,7.00533382651224
"gdp",2006,2007,0.98,7.37844571289452
"gdp",2006,2007,0.99,7.9665162259383
"cpi",2007,2007,0.01,-0.713527663913487
"cpi",2007,2007,0.02,-0.403213432931656
"cpi",2007,2007,0.03,-0.206329002366308
"cpi",2007,2007,0.04,-0.0582205145244099
"cpi",2007,2007,0.05,0.062254314709705
"cpi",2007,2007,0.06,0.164797316404837
"cpi",2007,2007,0.07,0.254707468858717
"cpi",2007,2007,0.08,0.335211286675708
"cpi",2007,2007,0.09,0.408426288111279
"cpi",2007,2007,0.1,0.475820816906675
"cpi",2007,2007,0.11,0.538456998516666
"cpi",2007,2007,0.12,0.597129296286766
"cpi",2007,2007,0.13,0.652448383391067
"cpi",2007,2007,0.14,0.704894406493468
"cpi",2007,2007,0.15,0.754852172527597
"cpi",2007,2007,0.16,0.80263517503689
"cpi",2007,2007,0.17,0.84850246798638
"cpi",2007,2007,0.18,0.892670807100791
"cpi",2007,2007,0.19,0.935323572450792
"cpi",2007,2007,0.2,0.976617448501127
"cpi",2007,2007,0.21,1.01668750827569
"cpi",2007,2007,0.22,1.05565114024515
"cpi",2007,2007,0.23,1.09361112176043
"cpi",2007,2007,0.24,1.13065805350128
"cpi",2007,2007,0.25,1.16687230893182
"cpi",2007,2007,0.26,1.20232561105068
"cpi",2007,2007,0.27,1.23708231947213
"cpi",2007,2007,0.28,1.27120049003863
"cpi",2007,2007,0.29,1.30473275411195
"cpi",2007,2007,0.3,1.33772705367224
"cpi",2007,2007,0.31,1.3702272601935
"cpi",2007,2007,0.32,1.40227369915133
"cpi",2007,2007,0.33,1.43390359739395
"cpi",2007,2007,0.34,1.46515146707467
"cpi",2007,2007,0.35,1.49604943712126
"cpi",2007,2007,0.36,1.52662754110289
"cpi",2007,2007,0.37,1.55691396869926
"cpi",2007,2007,0.38,1.58693528667184
"cpi",2007,2007,0.39,1.61671663420198
"cpi",2007,2007,0.4,1.64628189663475
"cpi",2007,2007,0.41,1.67565386100598
"cpi",2007,2007,0.42,1.70485435619673
"cpi",2007,2007,0.43,1.73390438012962
"cpi",2007,2007,0.44,1.76282421607336
"cpi",2007,2007,0.45,1.79163353984014
"cpi",2007,2007,0.46,1.82035151943336
"cpi",2007,2007,0.47,1.84899690852029
"cpi",2007,2007,0.48,1.87758813495896
"cpi",2007,2007,0.49,1.90614338549491
"cpi",2007,2007,0.5,1.93468068765693
"cpi",2007,2007,0.51,1.96321798981895
"cpi",2007,2007,0.52,1.9917732403549
"cpi",2007,2007,0.53,2.02036446679358
"cpi",2007,2007,0.54,2.0490098558805
"cpi",2007,2007,0.55,2.07772783547372
"cpi",2007,2007,0.56,2.1065371592405
"cpi",2007,2007,0.57,2.13545699518424
"cpi",2007,2007,0.58,2.16450701911714
"cpi",2007,2007,0.59,2.19370751430788
"cpi",2007,2007,0.6,2.22307947867911
"cpi",2007,2007,0.61,2.25264474111188
"cpi",2007,2007,0.62,2.28242608864202
"cpi",2007,2007,0.63,2.31244740661461
"cpi",2007,2007,0.64,2.34273383421097
"cpi",2007,2007,0.65,2.3733119381926
"cpi",2007,2007,0.66,2.40420990823919
"cpi",2007,2007,0.67,2.43545777791991
"cpi",2007,2007,0.68,2.46708767616254
"cpi",2007,2007,0.69,2.49913411512036
"cpi",2007,2007,0.7,2.53163432164162
"cpi",2007,2007,0.71,2.56462862120191
"cpi",2007,2007,0.72,2.59816088527523
"cpi",2007,2007,0.73,2.63227905584174
"cpi",2007,2007,0.74,2.66703576426319
"cpi",2007,2007,0.75,2.70248906638204
"cpi",2007,2007,0.76,2.73870332181258
"cpi",2007,2007,0.77,2.77575025355343
"cpi",2007,2007,0.78,2.81371023506871
"cpi",2007,2007,0.79,2.85267386703817
"cpi",2007,2007,0.8,2.89274392681274
"cpi",2007,2007,0.81,2.93403780286307
"cpi",2007,2007,0.82,2.97669056821307
"cpi",2007,2007,0.83,3.02085890732748
"cpi",2007,2007,0.84,3.06672620027697
"cpi",2007,2007,0.85,3.11450920278627
"cpi",2007,2007,0.86,3.1644669688204
"cpi",2007,2007,0.87,3.2169129919228
"cpi",2007,2007,0.88,3.2722320790271
"cpi",2007,2007,0.89,3.3309043767972
"cpi",2007,2007,0.9,3.39354055840719
"cpi",2007,2007,0.91,3.46093508720258
"cpi",2007,2007,0.92,3.53415008863816
"cpi",2007,2007,0.93,3.61465390645515
"cpi",2007,2007,0.94,3.70456405890903
"cpi",2007,2007,0.95,3.80710706060416
"cpi",2007,2007,0.96,3.92758188983828
"cpi",2007,2007,0.97,4.07569037768017
"cpi",2007,2007,0.98,4.27257480824552
"cpi",2007,2007,0.99,4.58288903922735
"cpi",2007,2008,0.01,-4.88210771858369
"cpi",2007,2008,0.02,-3.83925143424412
"cpi",2007,2008,0.03,-3.17759255687309
"cpi",2007,2008,0.04,-2.67985235713665
"cpi",2007,2008,0.05,-2.27497910213311
"cpi",2007,2008,0.06,-1.93036837192437
"cpi",2007,2008,0.07,-1.62821217620047
"cpi",2007,2008,0.08,-1.35766734150775
"cpi",2007,2008,0.09,-1.11161763855524
"cpi",2007,2008,0.1,-0.885128483797469
"cpi",2007,2008,0.11,-0.6746304495554
"cpi",2007,2008,0.12,-0.477453625751357
"cpi",2007,2008,0.13,-0.291545756015192
"cpi",2007,2008,0.14,-0.115293237373337
"cpi",2007,2008,0.15,0.0525971300629804
"cpi",2007,2008,0.16,0.213178887121837
"cpi",2007,2008,0.17,0.367322622478982
"cpi",2007,2008,0.18,0.515756775397357
"cpi",2007,2008,0.19,0.659097621381035
"cpi",2007,2008,0.2,0.797871721452367
"cpi",2007,2008,0.21,0.932533008231112
"cpi",2007,2008,0.22,1.06347598281361
"cpi",2007,2008,0.23,1.19104604349493
"cpi",2007,2008,0.24,1.31554766708855
"cpi",2007,2008,0.25,1.43725096035654
"cpi",2007,2008,0.26,1.55639695890859
"cpi",2007,2008,0.27,1.67320195262604
"cpi",2007,2008,0.28,1.78786104664462
"cpi",2007,2008,0.29,1.90055111634059
"cpi",2007,2008,0.3,2.01143327773861
"cpi",2007,2008,0.31,2.12065496733304
"cpi",2007,2008,0.32,2.22835170477281
"cpi",2007,2008,0.33,2.33464859631715
"cpi",2007,2008,0.34,2.43966162509658
"cpi",2007,2008,0.35,2.54349876506426
"cpi",2007,2008,0.36,2.64626094841479
"cpi",2007,2008,0.37,2.74804291068295
"cpi",2007,2008,0.38,2.84893393334991
"cpi",2007,2008,0.39,2.94901850030527
"cpi",2007,2008,0.4,3.04837688173886
"cpi",2007,2008,0.41,3.14708565681185
"cpi",2007,2008,0.42,3.24521818466643
"cpi",2007,2008,0.43,3.34284503188765
"cpi",2007,2008,0.44,3.44003436336168
"cpi",2007,2008,0.45,3.53685230252838
"cpi",2007,2008,0.46,3.63336326626203
"cpi",2007,2008,0.47,3.72963027899984
"cpi",2007,2008,0.48,3.82571527024955
"cpi",2007,2008,0.49,3.92167935922507
"cpi",2007,2008,0.5,4.01758313006921
"cpi",2007,2008,0.51,4.11348690091335
"cpi",2007,2008,0.52,4.20945098988887
"cpi",2007,2008,0.53,4.30553598113858
"cpi",2007,2008,0.54,4.40180299387639
"cpi",2007,2008,0.55,4.49831395761004
"cpi",2007,2008,0.56,4.59513189677674
"cpi",2007,2008,0.57,4.69232122825077
"cpi",2007,2008,0.58,4.78994807547199
"cpi",2007,2008,0.59,4.88808060332657
"cpi",2007,2008,0.6,4.98678937839956
"cpi",2007,2008,0.61,5.08614775983315
"cpi",2007,2008,0.62,5.18623232678851
"cpi",2007,2008,0.63,5.28712334945547
"cpi",2007,2008,0.64,5.38890531172363
"cpi",2007,2008,0.65,5.49166749507416
"cpi",2007,2008,0.66,5.59550463504184
"cpi",2007,2008,0.67,5.70051766382127
"cpi",2007,2008,0.68,5.80681455536561
"cpi",2007,2008,0.69,5.91451129280538
"cpi",2007,2008,0.7,6.02373298239981
"cpi",2007,2008,0.71,6.13461514379783
"cpi",2007,2008,0.72,6.2473052134938
"cpi",2007,2008,0.73,6.36196430751238
"cpi",2007,2008,0.74,6.47876930122983
"cpi",2007,2008,0.75,6.59791529978188
"cpi",2007,2008,0.76,6.71961859304987
"cpi",2007,2008,0.77,6.84412021664349
"cpi",2007,2008,0.78,6.97169027732481
"cpi",2007,2008,0.79,7.10263325190731
"cpi",2007,2008,0.8,7.23729453868605
"cpi",2007,2008,0.81,7.37606863875739
"cpi",2007,2008,0.82,7.51940948474106
"cpi",2007,2008,0.83,7.66784363765944
"cpi",2007,2008,0.84,7.82198737301659
"cpi",2007,2008,0.85,7.98256913007544
"cpi",2007,2008,0.86,8.15045949751176
"cpi",2007,2008,0.87,8.32671201615361
"cpi",2007,2008,0.88,8.51261988588978
"cpi",2007,2008,0.89,8.70979670969382
"cpi",2007,2008,0.9,8.92029474393589
"cpi",2007,2008,0.91,9.14678389869366
"cpi",2007,2008,0.92,9.39283360164617
"cpi",2007,2008,0.93,9.66337843633889
"cpi",2007,2008,0.94,9.96553463206279
"cpi",2007,2008,0.95,10.3101453622715
"cpi",2007,2008,0.96,10.7150186172751
"cpi",2007,2008,0.97,11.2127588170115
"cpi",2007,2008,0.98,11.8744176943825
"cpi",2007,2008,0.99,12.9172739787221
"gdp",2007,2007,0.01,-0.464938388712161
"gdp",2007,2007,0.02,-0.176609478535835
"gdp",2007,2007,0.03,0.00632597085036157
"gdp",2007,2007,0.04,0.1439411835082
"gdp",2007,2007,0.05,0.255880542869341
"gdp",2007,2007,0.06,0.351158519104655
"gdp",2007,2007,0.07,0.434698665454993
"gdp",2007,2007,0.08,0.509498902565503
"gdp",2007,2007,0.09,0.577526725542504
"gdp",2007,2007,0.1,0.640146448066803
"gdp",2007,2007,0.11,0.698344945519125
"gdp",2007,2007,0.12,0.752860394649733
"gdp",2007,2007,0.13,0.80426020330906
"gdp",2007,2007,0.14,0.852990500454482
"gdp",2007,2007,0.15,0.899408829997054
"gdp",2007,2007,0.16,0.943806474909652
"gdp",2007,2007,0.17,0.986424135553255
"gdp",2007,2007,0.18,1.02746321081855
"gdp",2007,2007,0.19,1.06709408855968
"gdp",2007,2007,0.2,1.10546235237046
"gdp",2007,2007,0.21,1.14269350554363
"gdp",2007,2007,0.22,1.1788966197441
"gdp",2007,2007,0.23,1.21416719069402
"gdp",2007,2007,0.24,1.24858940014416
"gdp",2007,2007,0.25,1.28223792721331
"gdp",2007,2007,0.26,1.31517941342791
"gdp",2007,2007,0.27,1.34747365861533
"gdp",2007,2007,0.28,1.37917460544437
"gdp",2007,2007,0.29,1.41033115641986
"gdp",2007,2007,0.3,1.44098785690101
"gdp",2007,2007,0.31,1.47118547013045
"gdp",2007,2007,0.32,1.50096146458133
"gdp",2007,2007,0.33,1.53035042963275
"gdp",2007,2007,0.34,1.55938443230116
"gdp",2007,2007,0.35,1.58809332522563
"gdp",2007,2007,0.36,1.61650501413975
"gdp",2007,2007,0.37,1.64464569152463
"gdp",2007,2007,0.38,1.67254004192456
"gdp",2007,2007,0.39,1.70021142344573
"gdp",2007,2007,0.4,1.72768202919058
"gdp",2007,2007,0.41,1.75497303176593
"gdp",2007,2007,0.42,1.78210471350775
"gdp",2007,2007,0.43,1.80909658466579
"gdp",2007,2007,0.44,1.83596749146808
"gdp",2007,2007,0.45,1.86273571572358
"gdp",2007,2007,0.46,1.88941906740996
"gdp",2007,2007,0.47,1.91603497152392
"gdp",2007,2007,0.48,1.94260055033603
"gdp",2007,2007,0.49,1.96913270208684
"gdp",2007,2007,0.5,1.9956481770804
"gdp",2007,2007,0.51,2.02216365207397
"gdp",2007,2007,0.52,2.04869580382478
"gdp",2007,2007,0.53,2.07526138263689
"gdp",2007,2007,0.54,2.10187728675085
"gdp",2007,2007,0.55,2.12856063843723
"gdp",2007,2007,0.56,2.15532886269273
"gdp",2007,2007,0.57,2.18219976949502
"gdp",2007,2007,0.58,2.20919164065306
"gdp",2007,2007,0.59,2.23632332239488
"gdp",2007,2007,0.6,2.26361432497023
"gdp",2007,2007,0.61,2.29108493071508
"gdp",2007,2007,0.62,2.31875631223625
"gdp",2007,2007,0.63,2.34665066263618
"gdp",2007,2007,0.64,2.37479134002105
"gdp",2007,2007,0.65,2.40320302893518
"gdp",2007,2007,0.66,2.43191192185964
"gdp",2007,2007,0.67,2.46094592452806
"gdp",2007,2007,0.68,2.49033488957948
"gdp",2007,2007,0.69,2.52011088403035
"gdp",2007,2007,0.7,2.5503084972598
"gdp",2007,2007,0.71,2.58096519774095
"gdp",2007,2007,0.72,2.61212174871644
"gdp",2007,2007,0.73,2.64382269554548
"gdp",2007,2007,0.74,2.6761169407329
"gdp",2007,2007,0.75,2.7090584269475
"gdp",2007,2007,0.76,2.74270695401665
"gdp",2007,2007,0.77,2.77712916346679
"gdp",2007,2007,0.78,2.81239973441671
"gdp",2007,2007,0.79,2.84860284861717
"gdp",2007,2007,0.8,2.88583400179035
"gdp",2007,2007,0.81,2.92420226560113
"gdp",2007,2007,0.82,2.96383314334226
"gdp",2007,2007,0.83,3.00487221860755
"gdp",2007,2007,0.84,3.04748987925116
"gdp",2007,2007,0.85,3.09188752416375
"gdp",2007,2007,0.86,3.13830585370633
"gdp",2007,2007,0.87,3.18703615085175
"gdp",2007,2007,0.88,3.23843595951108
"gdp",2007,2007,0.89,3.29295140864168
"gdp",2007,2007,0.9,3.35114990609401
"gdp",2007,2007,0.91,3.4137696286183
"gdp",2007,2007,0.92,3.48179745159531
"gdp",2007,2007,0.93,3.55659768870582
"gdp",2007,2007,0.94,3.64013783505615
"gdp",2007,2007,0.95,3.73541581129147
"gdp",2007,2007,0.96,3.84735517065261
"gdp",2007,2007,0.97,3.98497038331045
"gdp",2007,2007,0.98,4.16790583269664
"gdp",2007,2007,0.99,4.45623474287297
"gdp",2007,2008,0.01,-2.09463731978363
"gdp",2007,2008,0.02,-1.51295773934102
"gdp",2007,2008,0.03,-1.14390069479434
"gdp",2007,2008,0.04,-0.866273456123131
"gdp",2007,2008,0.05,-0.640445114634991
"gdp",2007,2008,0.06,-0.448229726978978
"gdp",2007,2008,0.07,-0.279694434248669
"gdp",2007,2008,0.08,-0.128791181040932
"gdp",2007,2008,0.09,0.00844929027873897
"gdp",2007,2008,0.1,0.134779369017951
"gdp",2007,2008,0.11,0.252189994125763
"gdp",2007,2008,0.12,0.36217037576193
"gdp",2007,2008,0.13,0.465865212042841
"gdp",2007,2008,0.14,0.564174531011439
"gdp",2007,2008,0.15,0.657819647752101
"gdp",2007,2008,0.16,0.747388201420917
"gdp",2007,2008,0.17,0.833365784964159
"gdp",2007,2008,0.18,0.9161587038826
"gdp",2007,2008,0.19,0.996110701491625
"gdp",2007,2008,0.2,1.07351548057575
"gdp",2007,2008,0.21,1.14862623358322
"gdp",2007,2008,0.22,1.2216630035206
"gdp",2007,2008,0.23,1.29281844505983
"gdp",2007,2008,0.24,1.36226238787715
"gdp",2007,2008,0.25,1.43014549087963
"gdp",2007,2008,0.26,1.49660219780072
"gdp",2007,2008,0.27,1.56175314981535
"gdp",2007,2008,0.28,1.62570717176853
"gdp",2007,2008,0.29,1.68856292039386
"gdp",2007,2008,0.3,1.75041026224635
"gdp",2007,2008,0.31,1.81133143377552
"gdp",2007,2008,0.32,1.87140202450766
"gdp",2007,2008,0.33,1.93069181563648
"gdp",2007,2008,0.34,1.9892654996989
"gdp",2007,2008,0.35,2.04718330190979
"gdp",2007,2008,0.36,2.10450151976428
"gdp",2007,2008,0.37,2.16127299441312
"gdp",2007,2008,0.38,2.21754752487012
"gdp",2007,2008,0.39,2.27337223417055
"gdp",2007,2008,0.4,2.32879189505158
"gdp",2007,2008,0.41,2.38384922148541
"gdp",2007,2008,0.42,2.43858513139688
"gdp",2007,2008,0.43,2.49303898509115
"gdp",2007,2008,0.44,2.54724880326481
"gdp",2007,2008,0.45,2.60125146794595
"gdp",2007,2008,0.46,2.65508290928233
"gdp",2007,2008,0.47,2.70877828075459
"gdp",2007,2008,0.48,2.76237212511863
"gdp",2007,2008,0.49,2.81589853316841
"gdp",2007,2008,0.5,2.86939129724837
"gdp",2007,2008,0.51,2.92288406132834
"gdp",2007,2008,0.52,2.97641046937812
"gdp",2007,2008,0.53,3.03000431374216
"gdp",2007,2008,0.54,3.08369968521442
"gdp",2007,2008,0.55,3.1375311265508
"gdp",2007,2008,0.56,3.19153379123194
"gdp",2007,2008,0.57,3.2457436094056
"gdp",2007,2008,0.58,3.30019746309986
"gdp",2007,2008,0.59,3.35493337301134
"gdp",2007,2008,0.6,3.40999069944517
"gdp",2007,2008,0.61,3.4654103603262
"gdp",2007,2008,0.62,3.52123506962662
"gdp",2007,2008,0.63,3.57750960008362
"gdp",2007,2008,0.64,3.63428107473246
"gdp",2007,2008,0.65,3.69159929258695
"gdp",2007,2008,0.66,3.74951709479784
"gdp",2007,2008,0.67,3.80809077886027
"gdp",2007,2008,0.68,3.86738056998909
"gdp",2007,2008,0.69,3.92745116072123
"gdp",2007,2008,0.7,3.98837233225039
"gdp",2007,2008,0.71,4.05021967410288
"gdp",2007,2008,0.72,4.11307542272822
"gdp",2007,2008,0.73,4.17702944468139
"gdp",2007,2008,0.74,4.24218039669603
"gdp",2007,2008,0.75,4.30863710361711
"gdp",2007,2008,0.76,4.3765202066196
"gdp",2007,2008,0.77,4.44596414943692
"gdp",2007,2008,0.78,4.51711959097615
"gdp",2007,2008,0.79,4.59015636091353
"gdp",2007,2008,0.8,4.665267113921
"gdp",2007,2008,0.81,4.74267189300512
"gdp",2007,2008,0.82,4.82262389061415
"gdp",2007,2008,0.83,4.90541680953259
"gdp",2007,2008,0.84,4.99139439307583
"gdp",2007,2008,0.85,5.08096294674464
"gdp",2007,2008,0.86,5.17460806348531
"gdp",2007,2008,0.87,5.2729173824539
"gdp",2007,2008,0.88,5.37661221873482
"gdp",2007,2008,0.89,5.48659260037098
"gdp",2007,2008,0.9,5.60400322547879
"gdp",2007,2008,0.91,5.73033330421801
"gdp",2007,2008,0.92,5.86757377553768
"gdp",2007,2008,0.93,6.01847702874541
"gdp",2007,2008,0.94,6.18701232147573
"gdp",2007,2008,0.95,6.37922770913174
"gdp",2007,2008,0.96,6.60505605061988
"gdp",2007,2008,0.97,6.88268328929108
"gdp",2007,2008,0.98,7.25174033383777
"gdp",2007,2008,0.99,7.83341991428038
"cpi",2008,2008,0.01,1.2952307765568
"cpi",2008,2008,0.02,1.60244250938604
"cpi",2008,2008,0.03,1.79735850434285
"cpi",2008,2008,0.04,1.94398621475324
"cpi",2008,2008,0.05,2.06325654577936
"cpi",2008,2008,0.06,2.1647743303186
"cpi",2008,2008,0.07,2.25378556788545
"cpi",2008,2008,0.08,2.3334845146359
"cpi",2008,2008,0.09,2.40596751803845
"cpi",2008,2008,0.1,2.47268824144497
"cpi",2008,2008,0.11,2.53469819126044
"cpi",2008,2008,0.12,2.59278388784611
"cpi",2008,2008,0.13,2.64754989891197
"cpi",2008,2008,0.14,2.69947157065198
"cpi",2008,2008,0.15,2.74892986272921
"cpi",2008,2008,0.16,2.79623513440244
"cpi",2008,2008,0.17,2.84164384963479
"cpi",2008,2008,0.18,2.88537059704368
"cpi",2008,2008,0.19,2.92759692327975
"cpi",2008,2008,0.2,2.96847794628833
"cpi",2008,2008,0.21,3.00814738864348
"cpi",2008,2008,0.22,3.04672146517482
"cpi",2008,2008,0.23,3.08430192567313
"cpi",2008,2008,0.24,3.12097846499942
"cpi",2008,2008,0.25,3.15683065305002
"cpi",2008,2008,0.26,3.19192949574244
"cpi",2008,2008,0.27,3.22633870922843
"cpi",2008,2008,0.28,3.26011576891253
"cpi",2008,2008,0.29,3.29331277995214
"cpi",2008,2008,0.3,3.32597720500713
"cpi",2008,2008,0.31,3.35815247692784
"cpi",2008,2008,0.32,3.3898785180188
"cpi",2008,2008,0.33,3.42119218293705
"cpi",2008,2008,0.34,3.45212763878599
"cpi",2008,2008,0.35,3.48271669327081
"cpi",2008,2008,0.36,3.51298907968734
"cpi",2008,2008,0.37,3.54297270587699
"cpi",2008,2008,0.38,3.57269387298877
"cpi",2008,2008,0.39,3.60217746886439
"cpi",2008,2008,0.4,3.63144714004507
"cpi",2008,2008,0.41,3.66052544574357
"cpi",2008,2008,0.42,3.68943399659745
"cpi",2008,2008,0.43,3.7181935805937
"cpi",2008,2008,0.44,3.74682427821045
"cpi",2008,2008,0.45,3.7753455685426
"cpi",2008,2008,0.46,3.80377642795331
"cpi",2008,2008,0.47,3.83213542261211
"cpi",2008,2008,0.48,3.8604407961367
"cpi",2008,2008,0.49,3.88871055344293
"cpi",2008,2008,0.5,3.9169625418217
"cpi",2008,2008,0.51,3.94521453020046
"cpi",2008,2008,0.52,3.97348428750669
"cpi",2008,2008,0.53,4.00178966103128
"cpi",2008,2008,0.54,4.03014865569008
"cpi",2008,2008,0.55,4.05857951510079
"cpi",2008,2008,0.56,4.08710080543294
"cpi",2008,2008,0.57,4.11573150304969
"cpi",2008,2008,0.58,4.14449108704594
"cpi",2008,2008,0.59,4.17339963789982
"cpi",2008,2008,0.6,4.20247794359832
"cpi",2008,2008,0.61,4.231747614779
"cpi",2008,2008,0.62,4.26123121065462
"cpi",2008,2008,0.63,4.2909523777664
"cpi",2008,2008,0.64,4.32093600395605
"cpi",2008,2008,0.65,4.35120839037258
"cpi",2008,2008,0.66,4.3817974448574
"cpi",2008,2008,0.67,4.41273290070634
"cpi",2008,2008,0.68,4.44404656562459
"cpi",2008,2008,0.69,4.47577260671555
"cpi",2008,2008,0.7,4.50794787863626
"cpi",2008,2008,0.71,4.54061230369125
"cpi",2008,2008,0.72,4.57380931473086
"cpi",2008,2008,0.73,4.60758637441496
"cpi",2008,2008,0.74,4.64199558790095
"cpi",2008,2008,0.75,4.67709443059338
"cpi",2008,2008,0.76,4.71294661864397
"cpi",2008,2008,0.77,4.74962315797026
"cpi",2008,2008,0.78,4.78720361846857
"cpi",2008,2008,0.79,4.82577769499991
"cpi",2008,2008,0.8,4.86544713735506
"cpi",2008,2008,0.81,4.90632816036365
"cpi",2008,2008,0.82,4.94855448659971
"cpi",2008,2008,0.83,4.99228123400861
"cpi",2008,2008,0.84,5.03768994924095
"cpi",2008,2008,0.85,5.08499522091418
"cpi",2008,2008,0.86,5.13445351299142
"cpi",2008,2008,0.87,5.18637518473142
"cpi",2008,2008,0.88,5.24114119579728
"cpi",2008,2008,0.89,5.29922689238295
"cpi",2008,2008,0.9,5.36123684219843
"cpi",2008,2008,0.91,5.42795756560494
"cpi",2008,2008,0.92,5.50044056900749
"cpi",2008,2008,0.93,5.58013951575794
"cpi",2008,2008,0.94,5.66915075332479
"cpi",2008,2008,0.95,5.77066853786403
"cpi",2008,2008,0.96,5.88993886889015
"cpi",2008,2008,0.97,6.03656657930054
"cpi",2008,2008,0.98,6.23148257425735
"cpi",2008,2008,0.99,6.53869430708659
"cpi",2008,2009,0.01,-3.33191349986982
"cpi",2008,2009,0.02,-2.29947768580798
"cpi",2008,2009,0.03,-1.64443026273721
"cpi",2008,2009,0.04,-1.15166360253376
"cpi",2008,2009,0.05,-0.750835938263455
"cpi",2008,2009,0.06,-0.409668641177241
"cpi",2008,2009,0.07,-0.110531662678241
"cpi",2008,2009,0.08,0.157309823095697
"cpi",2008,2009,0.09,0.400900938364588
"cpi",2008,2009,0.1,0.625126959130816
"cpi",2008,2009,0.11,0.833521646495391
"cpi",2008,2009,0.12,1.02872823215371
"cpi",2008,2009,0.13,1.21277846583774
"cpi",2008,2009,0.14,1.38726982701288
"cpi",2008,2009,0.15,1.55348259360423
"cpi",2008,2009,0.16,1.71245977920706
"cpi",2008,2009,0.17,1.86506327336616
"cpi",2008,2009,0.18,2.0120142366045
"cpi",2008,2009,0.19,2.15392278645343
"cpi",2008,2009,0.2,2.29131022241118
"cpi",2008,2009,0.21,2.42462594129384
"cpi",2008,2009,0.22,2.55426050224811
"cpi",2008,2009,0.23,2.68055585226639
"cpi",2008,2009,0.24,2.80381342575678
"cpi",2008,2009,0.25,2.92430063050976
"cpi",2008,2009,0.26,3.04225609364933
"cpi",2008,2009,0.27,3.15789394383646
"cpi",2008,2009,0.28,3.27140733666952
"cpi",2008,2009,0.29,3.38297138014357
"cpi",2008,2009,0.3,3.49274558037327
"cpi",2008,2009,0.31,3.60087590063216
"cpi",2008,2009,0.32,3.70749650642431
"cpi",2008,2009,0.33,3.81273125391718
"cpi",2008,2009,0.34,3.91669496731001
"cpi",2008,2009,0.35,4.01949454165431
"cpi",2008,2009,0.36,4.12122990060596
"cpi",2008,2009,0.37,4.22199483307955
"cpi",2008,2009,0.38,4.32187772843426
"cpi",2008,2009,0.39,4.4209622263764
"cpi",2008,2009,0.4,4.51932779501678
"cpi",2008,2009,0.41,4.61705024831922
"cpi",2008,2009,0.42,4.71420221240375
"cpi",2008,2009,0.43,4.81085354873717
"cpi",2008,2009,0.44,4.90707174108576
"cpi",2008,2009,0.45,5.00292225216808
"cpi",2008,2009,0.46,5.09846885518956
"cpi",2008,2009,0.47,5.19377394483209
"cpi",2008,2009,0.48,5.28889883178891
"cpi",2008,2009,0.49,5.38390402455609
"cpi",2008,2009,0.5,5.47884950190514
"cpi",2008,2009,0.51,5.57379497925418
"cpi",2008,2009,0.52,5.66880017202136
"cpi",2008,2009,0.53,5.76392505897818
"cpi",2008,2009,0.54,5.85923014862072
"cpi",2008,2009,0.55,5.95477675164219
"cpi",2008,2009,0.56,6.05062726272452
"cpi",2008,2009,0.57,6.1468454550731
"cpi",2008,2009,0.58,6.24349679140652
"cpi",2008,2009,0.59,6.34064875549106
"cpi",2008,2009,0.6,6.43837120879349
"cpi",2008,2009,0.61,6.53673677743387
"cpi",2008,2009,0.62,6.63582127537601
"cpi",2008,2009,0.63,6.73570417073072
"cpi",2008,2009,0.64,6.83646910320431
"cpi",2008,2009,0.65,6.93820446215596
"cpi",2008,2009,0.66,7.04100403650027
"cpi",2008,2009,0.67,7.14496774989309
"cpi",2008,2009,0.68,7.25020249738596
"cpi",2008,2009,0.69,7.35682310317811
"cpi",2008,2009,0.7,7.464953423437
"cpi",2008,2009,0.71,7.57472762366671
"cpi",2008,2009,0.72,7.68629166714075
"cpi",2008,2009,0.73,7.79980505997382
"cpi",2008,2009,0.74,7.91544291016094
"cpi",2008,2009,0.75,8.03339837330052
"cpi",2008,2009,0.76,8.15388557805349
"cpi",2008,2009,0.77,8.27714315154388
"cpi",2008,2009,0.78,8.40343850156216
"cpi",2008,2009,0.79,8.53307306251643
"cpi",2008,2009,0.8,8.66638878139909
"cpi",2008,2009,0.81,8.80377621735684
"cpi",2008,2009,0.82,8.94568476720577
"cpi",2008,2009,0.83,9.09263573044412
"cpi",2008,2009,0.84,9.24523922460321
"cpi",2008,2009,0.85,9.40421641020605
"cpi",2008,2009,0.86,9.5704291767974
"cpi",2008,2009,0.87,9.74492053797253
"cpi",2008,2009,0.88,9.92897077165656
"cpi",2008,2009,0.89,10.1241773573149
"cpi",2008,2009,0.9,10.3325720446795
"cpi",2008,2009,0.91,10.5567980654457
"cpi",2008,2009,0.92,10.8003891807146
"cpi",2008,2009,0.93,11.0682306664885
"cpi",2008,2009,0.94,11.3673676449875
"cpi",2008,2009,0.95,11.7085349420737
"cpi",2008,2009,0.96,12.109362606344
"cpi",2008,2009,0.97,12.6021292665475
"cpi",2008,2009,0.98,13.2571766896183
"cpi",2008,2009,0.99,14.2896125036801
"gdp",2008,2008,0.01,-0.134080364208291
"gdp",2008,2008,0.02,0.15272000249526
"gdp",2008,2008,0.03,0.334685640054652
"gdp",2008,2008,0.04,0.471571301052428
"gdp",2008,2008,0.05,0.582917226418367
"gdp",2008,2008,0.06,0.677690097117838
"gdp",2008,2008,0.07,0.760787364724797
"gdp",2008,2008,0.08,0.835191056743358
"gdp",2008,2008,0.09,0.902858237824564
"gdp",2008,2008,0.1,0.965145988892816
"gdp",2008,2008,0.11,1.02303595351937
"gdp",2008,2008,0.12,1.07726239509301
"gdp",2008,2008,0.13,1.1283897134149
"gdp",2008,2008,0.14,1.17686167233963
"gdp",2008,2008,0.15,1.22303392029921
"gdp",2008,2008,0.16,1.2671961960624
"gdp",2008,2008,0.17,1.30958792394414
"gdp",2008,2008,0.18,1.35040943514141
"gdp",2008,2008,0.19,1.38983021421621
"gdp",2008,2008,0.2,1.42799507296721
"gdp",2008,2008,0.21,1.46502884934549
"gdp",2008,2008,0.22,1.50104003678471
"gdp",2008,2008,0.23,1.53612362474713
"gdp",2008,2008,0.24,1.57036334870339
"gdp",2008,2008,0.25,1.60383349186928
"gdp",2008,2008,0.26,1.63660034247864
"gdp",2008,2008,0.27,1.66872338333674
"gdp",2008,2008,0.28,1.70025627114137
"gdp",2008,2008,0.29,1.73124764914617
"gdp",2008,2008,0.3,1.76174182655813
"gdp",2008,2008,0.31,1.79177935051811
"gdp",2008,2008,0.32,1.82139749086433
"gdp",2008,2008,0.33,1.85063065360417
"gdp",2008,2008,0.34,1.87951073575438
"gdp",2008,2008,0.35,1.90806743169359
"gdp",2008,2008,0.36,1.93632849921628
"gdp",2008,2008,0.37,1.96431999194704
"gdp",2008,2008,0.38,1.99206646356782
"gdp",2008,2008,0.39,2.01959114835442
"gdp",2008,2008,0.4,2.04691612175501
"gdp",2008,2008,0.41,2.07406244413223
"gdp",2008,2008,0.42,2.1010502902975
"gdp",2008,2008,0.43,2.12789906706916
"gdp",2008,2008,0.44,2.15462752076408
"gdp",2008,2008,0.45,2.18125383627224
"gdp",2008,2008,0.46,2.20779572915372
"gdp",2008,2008,0.47,2.23427053202854
"gdp",2008,2008,0.48,2.26069527639548
"gdp",2008,2008,0.49,2.28708677091093
"gdp",2008,2008,0.5,2.31346167707911
"gdp",2008,2008,0.51,2.33983658324729
"gdp",2008,2008,0.52,2.36622807776274
"gdp",2008,2008,0.53,2.39265282212967
"gdp",2008,2008,0.54,2.41912762500449
"gdp",2008,2008,0.55,2.44566951788598
"gdp",2008,2008,0.56,2.47229583339414
"gdp",2008,2008,0.57,2.49902428708905
"gdp",2008,2008,0.58,2.52587306386072
"gdp",2008,2008,0.59,2.55286091002598
"gdp",2008,2008,0.6,2.5800072324032
"gdp",2008,2008,0.61,2.6073322058038
"gdp",2008,2008,0.62,2.63485689059039
"gdp",2008,2008,0.63,2.66260336221117
"gdp",2008,2008,0.64,2.69059485494193
"gdp",2008,2008,0.65,2.71885592246463
"gdp",2008,2008,0.66,2.74741261840384
"gdp",2008,2008,0.67,2.77629270055405
"gdp",2008,2008,0.68,2.80552586329389
"gdp",2008,2008,0.69,2.8351440036401
"gdp",2008,2008,0.7,2.86518152760008
"gdp",2008,2008,0.71,2.89567570501205
"gdp",2008,2008,0.72,2.92666708301685
"gdp",2008,2008,0.73,2.95819997082147
"gdp",2008,2008,0.74,2.99032301167958
"gdp",2008,2008,0.75,3.02308986228894
"gdp",2008,2008,0.76,3.05656000545482
"gdp",2008,2008,0.77,3.09079972941108
"gdp",2008,2008,0.78,3.12588331737351
"gdp",2008,2008,0.79,3.16189450481272
"gdp",2008,2008,0.8,3.198928281191
"gdp",2008,2008,0.81,3.237093139942
"gdp",2008,2008,0.82,3.2765139190168
"gdp",2008,2008,0.83,3.31733543021408
"gdp",2008,2008,0.84,3.35972715809582
"gdp",2008,2008,0.85,3.40388943385901
"gdp",2008,2008,0.86,3.45006168181859
"gdp",2008,2008,0.87,3.49853364074332
"gdp",2008,2008,0.88,3.5496609590652
"gdp",2008,2008,0.89,3.60388740063884
"gdp",2008,2008,0.9,3.6617773652654
"gdp",2008,2008,0.91,3.72406511633365
"gdp",2008,2008,0.92,3.79173229741486
"gdp",2008,2008,0.93,3.86613598943342
"gdp",2008,2008,0.94,3.94923325704038
"gdp",2008,2008,0.95,4.04400612773985
"gdp",2008,2008,0.96,4.15535205310579
"gdp",2008,2008,0.97,4.29223771410356
"gdp",2008,2008,0.98,4.47420335166296
"gdp",2008,2008,0.99,4.76100371836651
"gdp",2008,2009,0.01,-1.88663794486448
"gdp",2008,2009,0.02,-1.3077117420984
"gdp",2008,2009,0.03,-0.94040162741135
"gdp",2008,2009,0.04,-0.664088536025101
"gdp",2008,2009,0.05,-0.439329151975191
"gdp",2008,2009,0.06,-0.248023614991699
"gdp",2008,2009,0.07,-0.0802860833111363
"gdp",2008,2009,0.08,0.0699028700265902
"gdp",2008,2009,0.09,0.206493714192837
"gdp",2008,2009,0.1,0.33222581007281
"gdp",2008,2009,0.11,0.44908067251501
"gdp",2008,2009,0.12,0.558540462509602
"gdp",2008,2009,0.13,0.661744459749593
"gdp",2008,2009,0.14,0.759588431999235
"gdp",2008,2009,0.15,0.852790280001199
"gdp",2008,2009,0.16,0.941934861324273
"gdp",2008,2009,0.17,1.0275054703627
"gdp",2008,2009,0.18,1.109906489372
"gdp",2008,2009,0.19,1.18948003456012
"gdp",2008,2009,0.2,1.26651841847076
"gdp",2008,2009,0.21,1.34127363506687
"gdp",2008,2009,0.22,1.4139646857824
"gdp",2008,2009,0.23,1.4847833133593
"gdp",2008,2009,0.24,1.55389854358578
"gdp",2008,2009,0.25,1.62146032222567
"gdp",2008,2009,0.26,1.68760245662359
"gdp",2008,2009,0.27,1.75244501690004
"gdp",2008,2009,0.28,1.81609631277809
"gdp",2008,2009,0.29,1.87865453400015
"gdp",2008,2009,0.3,1.94020912173829
"gdp",2008,2009,0.31,2.00084192317616
"gdp",2008,2009,0.32,2.06062817003738
"gdp",2008,2009,0.33,2.11963731320669
"gdp",2008,2009,0.34,2.17793373899918
"gdp",2008,2009,0.35,2.23557738755393
"gdp",2008,2009,0.36,2.29262428988213
"gdp",2008,2009,0.37,2.34912703701119
"gdp",2008,2009,0.38,2.4051351922315
"gdp",2008,2009,0.39,2.46069565552166
"gdp",2008,2009,0.4,2.51585298768728
"gdp",2008,2009,0.41,2.5706497005142
"gdp",2008,2009,0.42,2.62512651824241
"gdp",2008,2009,0.43,2.67932261486525
"gdp",2008,2009,0.44,2.73327583110853
"gdp",2008,2009,0.45,2.7870228744194
"gdp",2008,2009,0.46,2.84059950487045
"gdp",2008,2009,0.47,2.89404070954347
"gdp",2008,2009,0.48,2.94738086768638
"gdp",2008,2009,0.49,3.00065390872452
"gdp",2008,2009,0.5,3.05389346504642
"gdp",2008,2009,0.51,3.10713302136833
"gdp",2008,2009,0.52,3.16040606240647
"gdp",2008,2009,0.53,3.21374622054938
"gdp",2008,2009,0.54,3.2671874252224
"gdp",2008,2009,0.55,3.32076405567345
"gdp",2008,2009,0.56,3.37451109898432
"gdp",2008,2009,0.57,3.4284643152276
"gdp",2008,2009,0.58,3.48266041185044
"gdp",2008,2009,0.59,3.53713722957865
"gdp",2008,2009,0.6,3.59193394240556
"gdp",2008,2009,0.61,3.64709127457119
"gdp",2008,2009,0.62,3.70265173786135
"gdp",2008,2009,0.63,3.75865989308166
"gdp",2008,2009,0.64,3.81516264021072
"gdp",2008,2009,0.65,3.87220954253892
"gdp",2008,2009,0.66,3.92985319109367
"gdp",2008,2009,0.67,3.98814961688616
"gdp",2008,2009,0.68,4.04715876005547
"gdp",2008,2009,0.69,4.10694500691669
"gdp",2008,2009,0.7,4.16757780835456
"gdp",2008,2009,0.71,4.2291323960927
"gdp",2008,2009,0.72,4.29169061731476
"gdp",2008,2009,0.73,4.35534191319281
"gdp",2008,2009,0.74,4.42018447346925
"gdp",2008,2009,0.75,4.48632660786718
"gdp",2008,2009,0.76,4.55388838650707
"gdp",2008,2009,0.77,4.62300361673355
"gdp",2008,2009,0.78,4.69382224431045
"gdp",2008,2009,0.79,4.76651329502598
"gdp",2008,2009,0.8,4.84126851162209
"gdp",2008,2009,0.81,4.91830689553273
"gdp",2008,2009,0.82,4.99788044072085
"gdp",2008,2009,0.83,5.08028145973015
"gdp",2008,2009,0.84,5.16585206876858
"gdp",2008,2009,0.85,5.25499665009165
"gdp",2008,2009,0.86,5.34819849809361
"gdp",2008,2009,0.87,5.44604247034326
"gdp",2008,2009,0.88,5.54924646758325
"gdp",2008,2009,0.89,5.65870625757784
"gdp",2008,2009,0.9,5.77556112002004
"gdp",2008,2009,0.91,5.90129321590001
"gdp",2008,2009,0.92,6.03788406006626
"gdp",2008,2009,0.93,6.18807301340399
"gdp",2008,2009,0.94,6.35581054508455
"gdp",2008,2009,0.95,6.54711608206804
"gdp",2008,2009,0.96,6.77187546611795
"gdp",2008,2009,0.97,7.0481885575042
"gdp",2008,2009,0.98,7.41549867219124
"gdp",2008,2009,0.99,7.99442487495732
"cpi",2009,2009,0.01,-2.04642995274224
"cpi",2009,2009,0.02,-1.73823274632846
"cpi",2009,2009,0.03,-1.54269149997756
"cpi",2009,2009,0.04,-1.39559343729891
"cpi",2009,2009,0.05,-1.27594051098724
"cpi",2009,2009,0.06,-1.17409707776882
"cpi",2009,2009,0.07,-1.08480031001554
"cpi",2009,2009,0.08,-1.00484570503871
"cpi",2009,2009,0.09,-0.932130190707866
"cpi",2009,2009,0.1,-0.865195440610858
"cpi",2009,2009,0.11,-0.802986575321158
"cpi",2009,2009,0.12,-0.744714551478072
"cpi",2009,2009,0.13,-0.689772862039716
"cpi",2009,2009,0.14,-0.637684635996937
"cpi",2009,2009,0.15,-0.588067691644509
"cpi",2009,2009,0.16,-0.540610674153458
"cpi",2009,2009,0.17,-0.495056296875728
"cpi",2009,2009,0.18,-0.451189282836675
"cpi",2009,2009,0.19,-0.408827503020452
"cpi",2009,2009,0.2,-0.367815341894476
"cpi",2009,2009,0.21,-0.328018647929519
"cpi",2009,2009,0.22,-0.289320833502103
"cpi",2009,2009,0.23,-0.251619822428544
"cpi",2009,2009,0.24,-0.214825632124715
"cpi",2009,2009,0.25,-0.178858437450037
"cpi",2009,2009,0.26,-0.143647004714246
"cpi",2009,2009,0.27,-0.109127413376984
"cpi",2009,2009,0.28,-0.0752420036641385
"cpi",2009,2009,0.29,-0.0419385032754283
"cpi",2009,2009,0.3,-0.00916929730028959
"cpi",2009,2009,0.31,0.023109186435476
"cpi",2009,2009,0.32,0.0549369982991561
"cpi",2009,2009,0.33,0.0863511111701179
"cpi",2009,2009,0.34,0.117385801752976
"cpi",2009,2009,0.35,0.148072979785666
"cpi",2009,2009,0.36,0.178442473942446
"cpi",2009,2009,0.37,0.208522281587489
"cpi",2009,2009,0.38,0.238338788238623
"cpi",2009,2009,0.39,0.267916961572747
"cpi",2009,2009,0.4,0.297280523984436
"cpi",2009,2009,0.41,0.326452107051883
"cpi",2009,2009,0.42,0.35545339073524
"cpi",2009,2009,0.43,0.384305229705189
"cpi",2009,2009,0.44,0.413027768853991
"cpi",2009,2009,0.45,0.441640549761587
"cpi",2009,2009,0.46,0.470162609663493
"cpi",2009,2009,0.47,0.498612574285782
"cpi",2009,2009,0.48,0.527008745768035
"cpi",2009,2009,0.49,0.555369186782234
"cpi",2009,2009,0.5,0.583711801869825
"cpi",2009,2009,0.51,0.612054416957415
"cpi",2009,2009,0.52,0.640414857971614
"cpi",2009,2009,0.53,0.668811029453867
"cpi",2009,2009,0.54,0.697260994076156
"cpi",2009,2009,0.55,0.725783053978063
"cpi",2009,2009,0.56,0.754395834885658
"cpi",2009,2009,0.57,0.78311837403446
"cpi",2009,2009,0.58,0.81197021300441
"cpi",2009,2009,0.59,0.840971496687766
"cpi",2009,2009,0.6,0.870143079755213
"cpi",2009,2009,0.61,0.899506642166902
"cpi",2009,2009,0.62,0.929084815501027
"cpi",2009,2009,0.63,0.95890132215216
"cpi",2009,2009,0.64,0.988981129797203
"cpi",2009,2009,0.65,1.01935062395398
"cpi",2009,2009,0.66,1.05003780198667
"cpi",2009,2009,0.67,1.08107249256953
"cpi",2009,2009,0.68,1.11248660544049
"cpi",2009,2009,0.69,1.14431441730417
"cpi",2009,2009,0.7,1.17659290103994
"cpi",2009,2009,0.71,1.20936210701508
"cpi",2009,2009,0.72,1.24266560740379
"cpi",2009,2009,0.73,1.27655101711663
"cpi",2009,2009,0.74,1.3110706084539
"cpi",2009,2009,0.75,1.34628204118969
"cpi",2009,2009,0.76,1.38224923586436
"cpi",2009,2009,0.77,1.41904342616819
"cpi",2009,2009,0.78,1.45674443724175
"cpi",2009,2009,0.79,1.49544225166917
"cpi",2009,2009,0.8,1.53523894563413
"cpi",2009,2009,0.81,1.5762511067601
"cpi",2009,2009,0.82,1.61861288657632
"cpi",2009,2009,0.83,1.66247990061538
"cpi",2009,2009,0.84,1.70803427789311
"cpi",2009,2009,0.85,1.75549129538416
"cpi",2009,2009,0.86,1.80510823973659
"cpi",2009,2009,0.87,1.85719646577936
"cpi",2009,2009,0.88,1.91213815521772
"cpi",2009,2009,0.89,1.97041017906081
"cpi",2009,2009,0.9,2.03261904435051
"cpi",2009,2009,0.91,2.09955379444752
"cpi",2009,2009,0.92,2.17226930877836
"cpi",2009,2009,0.93,2.25222391375519
"cpi",2009,2009,0.94,2.34152068150847
"cpi",2009,2009,0.95,2.44336411472689
"cpi",2009,2009,0.96,2.56301704103856
"cpi",2009,2009,0.97,2.71011510371721
"cpi",2009,2009,0.98,2.90565635006811
"cpi",2009,2009,0.99,3.21385355648189
"cpi",2009,2010,0.01,-6.32360348760914
"cpi",2009,2010,0.02,-5.28312626240213
"cpi",2009,2010,0.03,-4.62297682177564
"cpi",2009,2010,0.04,-4.12637211250478
"cpi",2009,2010,0.05,-3.72242249139914
"cpi",2009,2010,0.06,-3.37859791870528
"cpi",2009,2010,0.07,-3.07713102932943
"cpi",2009,2010,0.08,-2.80720338625689
"cpi",2009,2010,0.09,-2.56171499438978
"cpi",2009,2010,0.1,-2.33574252740591
"cpi",2009,2010,0.11,-2.12572470053112
"cpi",2009,2010,0.12,-1.92899769453078
"cpi",2009,2010,0.13,-1.74351393482968
"cpi",2009,2010,0.14,-1.56766349955291
"cpi",2009,2010,0.15,-1.40015613897758
"cpi",2009,2010,0.16,-1.23994071570928
"cpi",2009,2010,0.17,-1.08614862713879
"cpi",2009,2010,0.18,-0.938053095785429
"cpi",2009,2010,0.19,-0.795039252049165
"cpi",2009,2010,0.2,-0.656581736146808
"cpi",2009,2010,0.21,-0.52222765101121
"cpi",2009,2010,0.22,-0.391583395518007
"cpi",2009,2010,0.23,-0.264304359326323
"cpi",2009,2010,0.24,-0.140086760223014
"cpi",2009,2010,0.25,-0.018661107638267
"cpi",2009,2010,0.26,0.100213084165117
"cpi",2009,2010,0.27,0.21675161164824
"cpi",2009,2010,0.28,0.331149134855147
"cpi",2009,2010,0.29,0.443582125657805
"cpi",2009,2010,0.3,0.554211332528269
"cpi",2009,2010,0.31,0.663183855615283
"cpi",2009,2010,0.32,0.770634905407965
"cpi",2009,2010,0.33,0.876689302761699
"cpi",2009,2010,0.34,0.981462766215671
"cpi",2009,2010,0.35,1.08506302340301
"cpi",2009,2010,0.36,1.18759077626253
"cpi",2009,2010,0.37,1.28914054420967
"cpi",2009,2010,0.38,1.38980140504851
"cpi",2009,2010,0.39,1.48965764993628
"cpi",2009,2010,0.4,1.5887893659431
"cpi",2009,2010,0.41,1.68727295753076
"cpi",2009,2010,0.42,1.78518161648787
"cpi",2009,2010,0.43,1.88258574841653
"cpi",2009,2010,0.44,1.97955336269893
"cpi",2009,2010,0.45,2.07615043192811
"cpi",2009,2010,0.46,2.17244122602467
"cpi",2009,2010,0.47,2.26848862564871
"cpi",2009,2010,0.48,2.36435441902871
"cpi",2009,2010,0.49,2.46009958594785
"cpi",2009,2010,0.5,2.55578457233885
"cpi",2009,2010,0.51,2.65146955872985
"cpi",2009,2010,0.52,2.74721472564899
"cpi",2009,2010,0.53,2.84308051902899
"cpi",2009,2010,0.54,2.93912791865303
"cpi",2009,2010,0.55,3.03541871274959
"cpi",2009,2010,0.56,3.13201578197876
"cpi",2009,2010,0.57,3.22898339626117
"cpi",2009,2010,0.58,3.32638752818983
"cpi",2009,2010,0.59,3.42429618714693
"cpi",2009,2010,0.6,3.5227797787346
"cpi",2009,2010,0.61,3.62191149474142
"cpi",2009,2010,0.62,3.72176773962919
"cpi",2009,2010,0.63,3.82242860046803
"cpi",2009,2010,0.64,3.92397836841517
"cpi",2009,2010,0.65,4.02650612127469
"cpi",2009,2010,0.66,4.13010637846203
"cpi",2009,2010,0.67,4.234879841916
"cpi",2009,2010,0.68,4.34093423926973
"cpi",2009,2010,0.69,4.44838528906241
"cpi",2009,2010,0.7,4.55735781214943
"cpi",2009,2010,0.71,4.66798701901989
"cpi",2009,2010,0.72,4.78042000982255
"cpi",2009,2010,0.73,4.89481753302946
"cpi",2009,2010,0.74,5.01135606051258
"cpi",2009,2010,0.75,5.13023025231596
"cpi",2009,2010,0.76,5.25165590490071
"cpi",2009,2010,0.77,5.37587350400402
"cpi",2009,2010,0.78,5.5031525401957
"cpi",2009,2010,0.79,5.63379679568891
"cpi",2009,2010,0.8,5.76815088082451
"cpi",2009,2010,0.81,5.90660839672686
"cpi",2009,2010,0.82,6.04962224046313
"cpi",2009,2010,0.83,6.19771777181649
"cpi",2009,2010,0.84,6.35150986038698
"cpi",2009,2010,0.85,6.51172528365527
"cpi",2009,2010,0.86,6.67923264423061
"cpi",2009,2010,0.87,6.85508307950737
"cpi",2009,2010,0.88,7.04056683920848
"cpi",2009,2010,0.89,7.23729384520881
"cpi",2009,2010,0.9,7.44731167208361
"cpi",2009,2010,0.91,7.67328413906748
"cpi",2009,2010,0.92,7.91877253093459
"cpi",2009,2010,0.93,8.18870017400713
"cpi",2009,2010,0.94,8.49016706338298
"cpi",2009,2010,0.95,8.83399163607683
"cpi",2009,2010,0.96,9.23794125718248
"cpi",2009,2010,0.97,9.73454596645334
"cpi",2009,2010,0.98,10.3946954070798
"cpi",2009,2010,0.99,11.4351726322868
"gdp",2009,2009,0.01,-8.03297821497696
"gdp",2009,2009,0.02,-7.72238801549119
"gdp",2009,2009,0.03,-7.52532849175793
"gdp",2009,2009,0.04,-7.37708828814624
"gdp",2009,2009,0.05,-7.25650631829444
"gdp",2009,2009,0.06,-7.15387212310593
"gdp",2009,2009,0.07,-7.06388201179814
"gdp",2009,2009,0.08,-6.98330660036428
"gdp",2009,2009,0.09,-6.91002648739854
"gdp",2009,2009,0.1,-6.84257202333293
"gdp",2009,2009,0.11,-6.77988013814377
"gdp",2009,2009,0.12,-6.7211556619538
"gdp",2009,2009,0.13,-6.66578737850533
"gdp",2009,2009,0.14,-6.61329471413067
"gdp",2009,2009,0.15,-6.56329251967987
"gdp",2009,2009,0.16,-6.51546702281357
"gdp",2009,2009,0.17,-6.46955893918498
"gdp",2009,2009,0.18,-6.42535132030429
"gdp",2009,2009,0.19,-6.38266062301735
"gdp",2009,2009,0.2,-6.34133002351685
"gdp",2009,2009,0.21,-6.30122432865583
"gdp",2009,2009,0.22,-6.26222604556777
"gdp",2009,2009,0.23,-6.22423230549983
"gdp",2009,2009,0.24,-6.1871524271993
"gdp",2009,2009,0.25,-6.1509059657244
"gdp",2009,2009,0.26,-6.1154211342918
"gdp",2009,2009,0.27,-6.08063351605099
"gdp",2009,2009,0.28,-6.04648500352931
"gdp",2009,2009,0.29,-6.01292291855889
"gdp",2009,2009,0.3,-5.97989927652385
"gdp",2009,2009,0.31,-5.94737016693442
"gdp",2009,2009,0.32,-5.91529522845278
"gdp",2009,2009,0.33,-5.88363720112413
"gdp",2009,2009,0.34,-5.85236154210285
"gdp",2009,2009,0.35,-5.82143609388827
"gdp",2009,2009,0.36,-5.79083079620178
"gdp",2009,2009,0.37,-5.76051743429407
"gdp",2009,2009,0.38,-5.7304694177773
"gdp",2009,2009,0.39,-5.70066158511338
"gdp",2009,2009,0.4,-5.67107002971552
"gdp",2009,2009,0.41,-5.64167194428294
"gdp",2009,2009,0.42,-5.61244548052173
"gdp",2009,2009,0.43,-5.58336962183541
"gdp",2009,2009,0.44,-5.55442406691695
"gdp",2009,2009,0.45,-5.5255891224561
"gdp",2009,2009,0.46,-5.49684560340296
"gdp",2009,2009,0.47,-5.46817473941227
"gdp",2009,2009,0.48,-5.43955808623773
"gdp",2009,2009,0.49,-5.41097744095998
"gdp",2009,2009,0.5,-5.38241476001802
"gdp",2009,2009,0.51,-5.35385207907605
"gdp",2009,2009,0.52,-5.3252714337983
"gdp",2009,2009,0.53,-5.29665478062376
"gdp",2009,2009,0.54,-5.26798391663307
"gdp",2009,2009,0.55,-5.23924039757994
"gdp",2009,2009,0.56,-5.21040545311908
"gdp",2009,2009,0.57,-5.18145989820062
"gdp",2009,2009,0.58,-5.1523840395143
"gdp",2009,2009,0.59,-5.12315757575309
"gdp",2009,2009,0.6,-5.09375949032052
"gdp",2009,2009,0.61,-5.06416793492265
"gdp",2009,2009,0.62,-5.03436010225873
"gdp",2009,2009,0.63,-5.00431208574196
"gdp",2009,2009,0.64,-4.97399872383425
"gdp",2009,2009,0.65,-4.94339342614776
"gdp",2009,2009,0.66,-4.91246797793318
"gdp",2009,2009,0.67,-4.8811923189119
"gdp",2009,2009,0.68,-4.84953429158325
"gdp",2009,2009,0.69,-4.81745935310161
"gdp",2009,2009,0.7,-4.78493024351218
"gdp",2009,2009,0.71,-4.75190660147714
"gdp",2009,2009,0.72,-4.71834451650673
"gdp",2009,2009,0.73,-4.68419600398504
"gdp",2009,2009,0.74,-4.64940838574423
"gdp",2009,2009,0.75,-4.61392355431163
"gdp",2009,2009,0.76,-4.57767709283673
"gdp",2009,2009,0.77,-4.5405972145362
"gdp",2009,2009,0.78,-4.50260347446826
"gdp",2009,2009,0.79,-4.4636051913802
"gdp",2009,2009,0.8,-4.42349949651918
"gdp",2009,2009,0.81,-4.38216889701868
"gdp",2009,2009,0.82,-4.33947819973174
"gdp",2009,2009,0.83,-4.29527058085105
"gdp",2009,2009,0.84,-4.24936249722246
"gdp",2009,2009,0.85,-4.20153700035616
"gdp",2009,2009,0.86,-4.15153480590536
"gdp",2009,2009,0.87,-4.0990421415307
"gdp",2009,2009,0.88,-4.04367385808223
"gdp",2009,2009,0.89,-3.98494938189226
"gdp",2009,2009,0.9,-3.9222574967031
"gdp",2009,2009,0.91,-3.85480303263749
"gdp",2009,2009,0.92,-3.78152291967175
"gdp",2009,2009,0.93,-3.70094750823789
"gdp",2009,2009,0.94,-3.6109573969301
"gdp",2009,2009,0.95,-3.50832320174159
"gdp",2009,2009,0.96,-3.38774123188978
"gdp",2009,2009,0.97,-3.2395010282781
"gdp",2009,2009,0.98,-3.04244150454484
"gdp",2009,2009,0.99,-2.73185130505907
"gdp",2009,2010,0.01,-3.5243475799973
"gdp",2009,2010,0.02,-2.8697766122132
"gdp",2009,2010,0.03,-2.45447231937099
"gdp",2009,2010,0.04,-2.14205507728392
"gdp",2009,2010,0.05,-1.88792775184387
"gdp",2009,2010,0.06,-1.67162548414993
"gdp",2009,2010,0.07,-1.48197070963591
"gdp",2009,2010,0.08,-1.31215747944
"gdp",2009,2010,0.09,-1.15771914061692
"gdp",2009,2010,0.1,-1.01555839665948
"gdp",2009,2010,0.11,-0.883434820228489
"gdp",2009,2010,0.12,-0.75967258537391
"gdp",2009,2010,0.13,-0.642983549656063
"gdp",2009,2010,0.14,-0.532354900786341
"gdp",2009,2010,0.15,-0.426974934299381
"gdp",2009,2010,0.16,-0.32618237284586
"gdp",2009,2010,0.17,-0.229430772893158
"gdp",2009,2010,0.18,-0.136262914016491
"gdp",2009,2010,0.19,-0.0462919777642847
"gdp",2009,2010,0.2,0.0408125431089688
"gdp",2009,2010,0.21,0.125335569084343
"gdp",2009,2010,0.22,0.207524717180887
"gdp",2009,2010,0.23,0.287596783998153
"gdp",2009,2010,0.24,0.365742880895848
"gdp",2009,2010,0.25,0.442132546138546
"gdp",2009,2010,0.26,0.516917070862587
"gdp",2009,2010,0.27,0.590232214020656
"gdp",2009,2010,0.28,0.662200437508443
"gdp",2009,2010,0.29,0.732932760924667
"gdp",2009,2010,0.3,0.80253031217523
"gdp",2009,2010,0.31,0.871085632917355
"gdp",2009,2010,0.32,0.938683784946315
"gdp",2009,2010,0.33,1.00540329387145
"gdp",2009,2010,0.34,1.07131695897595
"gdp",2009,2010,0.35,1.13649255241223
"gdp",2009,2010,0.36,1.20099342642284
"gdp",2009,2010,0.37,1.2648790437848
"gdp",2009,2010,0.38,1.32820544392215
"gdp",2009,2010,0.39,1.39102565494837
"gdp",2009,2010,0.4,1.45339006015846
"gdp",2009,2010,0.41,1.51534672609468
"gdp",2009,2010,0.42,1.57694169818573
"gdp",2009,2010,0.43,1.63821926905233
"gdp",2009,2010,0.44,1.69922222383774
"gdp",2009,2010,0.45,1.75999206632792
"gdp",2009,2010,0.46,1.82056922914659
"gdp",2009,2010,0.47,1.88099327092468
"gdp",2009,2010,0.48,1.94130306303729
"gdp",2009,2010,0.49,2.00153696826135
"gdp",2009,2010,0.5,2.06173301352501
"gdp",2009,2010,0.51,2.12192905878866
"gdp",2009,2010,0.52,2.18216296401273
"gdp",2009,2010,0.53,2.24247275612533
"gdp",2009,2010,0.54,2.30289679790342
"gdp",2009,2010,0.55,2.36347396072209
"gdp",2009,2010,0.56,2.42424380321227
"gdp",2009,2010,0.57,2.48524675799768
"gdp",2009,2010,0.58,2.54652432886429
"gdp",2009,2010,0.59,2.60811930095533
"gdp",2009,2010,0.6,2.67007596689155
"gdp",2009,2010,0.61,2.73244037210165
"gdp",2009,2010,0.62,2.79526058312786
"gdp",2009,2010,0.63,2.85858698326521
"gdp",2009,2010,0.64,2.92247260062717
"gdp",2009,2010,0.65,2.98697347463778
"gdp",2009,2010,0.66,3.05214906807406
"gdp",2009,2010,0.67,3.11806273317857
"gdp",2009,2010,0.68,3.1847822421037
"gdp",2009,2010,0.69,3.25238039413266
"gdp",2009,2010,0.7,3.32093571487478
"gdp",2009,2010,0.71,3.39053326612534
"gdp",2009,2010,0.72,3.46126558954157
"gdp",2009,2010,0.73,3.53323381302936
"gdp",2009,2010,0.74,3.60654895618742
"gdp",2009,2010,0.75,3.68133348091147
"gdp",2009,2010,0.76,3.75772314615416
"gdp",2009,2010,0.77,3.83586924305186
"gdp",2009,2010,0.78,3.91594130986912
"gdp",2009,2010,0.79,3.99813045796567
"gdp",2009,2010,0.8,4.08265348394104
"gdp",2009,2010,0.81,4.1697580048143
"gdp",2009,2010,0.82,4.2597289410665
"gdp",2009,2010,0.83,4.35289679994317
"gdp",2009,2010,0.84,4.44964839989587
"gdp",2009,2010,0.85,4.55044096134939
"gdp",2009,2010,0.86,4.65582092783635
"gdp",2009,2010,0.87,4.76644957670607
"gdp",2009,2010,0.88,4.88313861242392
"gdp",2009,2010,0.89,5.0069008472785
"gdp",2009,2010,0.9,5.1390244237095
"gdp",2009,2010,0.91,5.28118516766693
"gdp",2009,2010,0.92,5.43562350649001
"gdp",2009,2010,0.93,5.60543673668592
"gdp",2009,2010,0.94,5.79509151119995
"gdp",2009,2010,0.95,6.01139377889388
"gdp",2009,2010,0.96,6.26552110433394
"gdp",2009,2010,0.97,6.577938346421
"gdp",2009,2010,0.98,6.99324263926321
"gdp",2009,2010,0.99,7.64781360704732
"cpi",2010,2010,0.01,-0.796845395244436
"cpi",2010,2010,0.02,-0.491005022701002
"cpi",2010,2010,0.03,-0.296959111878325
"cpi",2010,2010,0.04,-0.150985931869501
"cpi",2010,2010,0.05,-0.0322480108322103
"cpi",2010,2010,0.06,0.0688166091851599
"cpi",2010,2010,0.07,0.157430510116895
"cpi",2010,2010,0.08,0.236773689301477
"cpi",2010,2010,0.09,0.308933136336744
"cpi",2010,2010,0.1,0.375356025576973
"cpi",2010,2010,0.11,0.437089169615152
"cpi",2010,2010,0.12,0.494915577869813
"cpi",2010,2010,0.13,0.549437119325424
"cpi",2010,2010,0.14,0.601127018281425
"cpi",2010,2010,0.15,0.650364533837746
"cpi",2010,2010,0.16,0.697458639842642
"cpi",2010,2010,0.17,0.742664655431569
"cpi",2010,2010,0.18,0.786196211321338
"cpi",2010,2010,0.19,0.828234043757762
"cpi",2010,2010,0.2,0.868932578256285
"cpi",2010,2010,0.21,0.908424940467701
"cpi",2010,2010,0.22,0.946826826451078
"cpi",2010,2010,0.23,0.984239531797021
"cpi",2010,2010,0.24,1.02075235097829
"cpi",2010,2010,0.25,1.05644449869969
"cpi",2010,2010,0.26,1.09138666391596
"cpi",2010,2010,0.27,1.12564227835674
"cpi",2010,2010,0.28,1.15926856086252
"cpi",2010,2010,0.29,1.19231738399886
"cpi",2010,2010,0.3,1.22483599855741
"cpi",2010,2010,0.31,1.25686764350888
"cpi",2010,2010,0.32,1.28845206294895
"cpi",2010,2010,0.33,1.31962594701939
"cpi",2010,2010,0.34,1.35042331030531
"cpi",2010,2010,0.35,1.38087581852573
"cpi",2010,2010,0.36,1.4110130722502
"cpi",2010,2010,0.37,1.44086285474253
"cpi",2010,2010,0.38,1.47045134974622
"cpi",2010,2010,0.39,1.49980333400632
"cpi",2010,2010,0.4,1.5289423485084
"cpi",2010,2010,0.41,1.55789085176333
"cpi",2010,2010,0.42,1.5866703579411
"cpi",2010,2010,0.43,1.61530156223335
"cpi",2010,2010,0.44,1.64380445548108
"cpi",2010,2010,0.45,1.67219842982663
"cpi",2010,2010,0.46,1.70050237692469
"cpi",2010,2010,0.47,1.72873478006739
"cpi",2010,2010,0.48,1.7569138014349
"cpi",2010,2010,0.49,1.78505736557102
"cpi",2010,2010,0.5,1.81318324009827
"cpi",2010,2010,0.51,1.84130911462552
"cpi",2010,2010,0.52,1.86945267876164
"cpi",2010,2010,0.53,1.89763170012915
"cpi",2010,2010,0.54,1.92586410327185
"cpi",2010,2010,0.55,1.95416805036991
"cpi",2010,2010,0.56,1.98256202471546
"cpi",2010,2010,0.57,2.01106491796319
"cpi",2010,2010,0.58,2.03969612225544
"cpi",2010,2010,0.59,2.06847562843321
"cpi",2010,2010,0.6,2.09742413168814
"cpi",2010,2010,0.61,2.12656314619022
"cpi",2010,2010,0.62,2.15591513045032
"cpi",2010,2010,0.63,2.18550362545401
"cpi",2010,2010,0.64,2.21535340794634
"cpi",2010,2010,0.65,2.24549066167081
"cpi",2010,2010,0.66,2.27594316989123
"cpi",2010,2010,0.67,2.30674053317715
"cpi",2010,2010,0.68,2.33791441724759
"cpi",2010,2010,0.69,2.36949883668766
"cpi",2010,2010,0.7,2.40153048163913
"cpi",2010,2010,0.71,2.43404909619768
"cpi",2010,2010,0.72,2.46709791933402
"cpi",2010,2010,0.73,2.5007242018398
"cpi",2010,2010,0.74,2.53497981628058
"cpi",2010,2010,0.75,2.56992198149685
"cpi",2010,2010,0.76,2.60561412921825
"cpi",2010,2010,0.77,2.64212694839952
"cpi",2010,2010,0.78,2.67953965374546
"cpi",2010,2010,0.79,2.71794153972884
"cpi",2010,2010,0.8,2.75743390194025
"cpi",2010,2010,0.81,2.79813243643878
"cpi",2010,2010,0.82,2.8401702688752
"cpi",2010,2010,0.83,2.88370182476497
"cpi",2010,2010,0.84,2.9289078403539
"cpi",2010,2010,0.85,2.97600194635879
"cpi",2010,2010,0.86,3.02523946191511
"cpi",2010,2010,0.87,3.07692936087112
"cpi",2010,2010,0.88,3.13145090232673
"cpi",2010,2010,0.89,3.18927731058139
"cpi",2010,2010,0.9,3.25101045461957
"cpi",2010,2010,0.91,3.3174333438598
"cpi",2010,2010,0.92,3.38959279089506
"cpi",2010,2010,0.93,3.46893597007964
"cpi",2010,2010,0.94,3.55754987101138
"cpi",2010,2010,0.95,3.65861449102875
"cpi",2010,2010,0.96,3.77735241206604
"cpi",2010,2010,0.97,3.92332559207486
"cpi",2010,2010,0.98,4.11737150289754
"cpi",2010,2010,0.99,4.42321187544098
"cpi",2010,2011,0.01,-4.9113481337562
"cpi",2010,2011,0.02,-3.87880299024528
"cpi",2010,2011,0.03,-3.22368620114427
"cpi",2010,2011,0.04,-2.73086735957831
"cpi",2010,2011,0.05,-2.32999724979505
"cpi",2010,2011,0.06,-1.98879382491074
"cpi",2010,2011,0.07,-1.68962516940033
"cpi",2010,2011,0.08,-1.42175532064083
"cpi",2010,2011,0.09,-1.17813841037135
"cpi",2010,2011,0.1,-0.953888645264807
"cpi",2010,2011,0.11,-0.745471890013734
"cpi",2010,2011,0.12,-0.55024463301858
"cpi",2010,2011,0.13,-0.366174909395921
"cpi",2010,2011,0.14,-0.191665070515804
"cpi",2010,2011,0.15,-0.0254347028785054
"cpi",2010,2011,0.16,0.133559317560828
"cpi",2010,2011,0.17,0.286178971616466
"cpi",2010,2011,0.18,0.433145496178463
"cpi",2010,2011,0.19,0.575069073386347
"cpi",2010,2011,0.2,0.712471057941196
"cpi",2010,2011,0.21,0.845800894247815
"cpi",2010,2011,0.22,0.975449182811046
"cpi",2010,2011,0.23,1.10175790683365
"cpi",2010,2011,0.24,1.22502853264402
"cpi",2010,2011,0.25,1.3455284963497
"cpi",2010,2011,0.26,1.46349645034403
"cpi",2010,2011,0.27,1.57914654596306
"cpi",2010,2011,0.28,1.69267195925932
"cpi",2010,2011,0.29,1.80424781677085
"cpi",2010,2011,0.3,1.91403364150319
"cpi",2010,2011,0.31,2.02217541218658
"cpi",2010,2011,0.32,2.12880730853252
"cpi",2010,2011,0.33,2.23405319982417
"cpi",2010,2011,0.34,2.33802792242004
"cpi",2010,2011,0.35,2.44083838269128
"cpi",2010,2011,0.36,2.54258451487512
"cpi",2010,2011,0.37,2.64336011781791
"cpi",2010,2011,0.38,2.74325359023879
"cpi",2010,2011,0.39,2.84234858070107
"cpi",2010,2011,0.4,2.94072456573081
"cpi",2010,2011,0.41,3.03845736732012
"cpi",2010,2011,0.42,3.13561961927976
"cpi",2010,2011,0.43,3.23228119047448
"cpi",2010,2011,0.44,3.32850957181672
"cpi",2010,2011,0.45,3.42437023295722
"cpi",2010,2011,0.46,3.51992695385463
"cpi",2010,2011,0.47,3.61524213579811
"cpi",2010,2011,0.48,3.71037709597338
"cpi",2010,2011,0.49,3.80539234928402
"cpi",2010,2011,0.5,3.90034788085299
"cpi",2010,2011,0.51,3.99530341242196
"cpi",2010,2011,0.52,4.09031866573261
"cpi",2010,2011,0.53,4.18545362590787
"cpi",2010,2011,0.54,4.28076880785136
"cpi",2010,2011,0.55,4.37632552874876
"cpi",2010,2011,0.56,4.47218618988926
"cpi",2010,2011,0.57,4.5684145712315
"cpi",2010,2011,0.58,4.66507614242622
"cpi",2010,2011,0.59,4.76223839438586
"cpi",2010,2011,0.6,4.85997119597517
"cpi",2010,2011,0.61,4.95834718100491
"cpi",2010,2011,0.62,5.05744217146719
"cpi",2010,2011,0.63,5.15733564388807
"cpi",2010,2011,0.64,5.25811124683086
"cpi",2010,2011,0.65,5.3598573790147
"cpi",2010,2011,0.66,5.46266783928594
"cpi",2010,2011,0.67,5.56664256188181
"cpi",2010,2011,0.68,5.67188845317346
"cpi",2010,2011,0.69,5.7785203495194
"cpi",2010,2011,0.7,5.88666212020279
"cpi",2010,2011,0.71,5.99644794493513
"cpi",2010,2011,0.72,6.10802380244666
"cpi",2010,2011,0.73,6.22154921574292
"cpi",2010,2011,0.74,6.33719931136195
"cpi",2010,2011,0.75,6.45516726535628
"cpi",2010,2011,0.76,6.57566722906196
"cpi",2010,2011,0.77,6.69893785487233
"cpi",2010,2011,0.78,6.82524657889493
"cpi",2010,2011,0.79,6.95489486745817
"cpi",2010,2011,0.8,7.08822470376479
"cpi",2010,2011,0.81,7.22562668831963
"cpi",2010,2011,0.82,7.36755026552752
"cpi",2010,2011,0.83,7.51451679008952
"cpi",2010,2011,0.84,7.66713644414516
"cpi",2010,2011,0.85,7.82613046458449
"cpi",2010,2011,0.86,7.99236083222178
"cpi",2010,2011,0.87,8.1668706711019
"cpi",2010,2011,0.88,8.35094039472456
"cpi",2010,2011,0.89,8.54616765171971
"cpi",2010,2011,0.9,8.75458440697079
"cpi",2010,2011,0.91,8.97883417207733
"cpi",2010,2011,0.92,9.22245108234682
"cpi",2010,2011,0.93,9.49032093110631
"cpi",2010,2011,0.94,9.78948958661672
"cpi",2010,2011,0.95,10.130693011501
"cpi",2010,2011,0.96,10.5315631212843
"cpi",2010,2011,0.97,11.0243819628503
"cpi",2010,2011,0.98,11.6794987519513
"cpi",2010,2011,0.99,12.7120438954622
"gdp",2010,2010,0.01,-1.00562612047187
"gdp",2010,2010,0.02,-0.697820886672731
"gdp",2010,2010,0.03,-0.50252833437878
"gdp",2010,2010,0.04,-0.35561735455175
"gdp",2010,2010,0.05,-0.236116605707625
"gdp",2010,2010,0.06,-0.134402699415382
"gdp",2010,2010,0.07,-0.0452195014375782
"gdp",2010,2010,0.08,0.0346334153509293
"gdp",2010,2010,0.09,0.107256448342927
"gdp",2010,2010,0.1,0.174106069215983
"gdp",2010,2010,0.11,0.236235815775617
"gdp",2010,2010,0.12,0.29443372785821
"gdp",2010,2010,0.13,0.349305541135413
"gdp",2010,2010,0.14,0.401327520120369
"gdp",2010,2010,0.15,0.450881360450425
"gdp",2010,2010,0.16,0.498278020966
"gdp",2010,2010,0.17,0.543774461091808
"gdp",2010,2010,0.18,0.587585684008062
"gdp",2010,2010,0.19,0.629893587094548
"gdp",2010,2010,0.2,0.670853587968275
"gdp",2010,2010,0.21,0.710599667541333
"gdp",2010,2010,0.22,0.749248265158257
"gdp",2010,2010,0.23,0.786901327179788
"gdp",2010,2010,0.24,0.823648721748039
"gdp",2010,2010,0.25,0.859570172480058
"gdp",2010,2010,0.26,0.894736822469387
"gdp",2010,2010,0.27,0.929212510960707
"gdp",2010,2010,0.28,0.963054824395044
"gdp",2010,2010,0.29,0.996315968591509
"gdp",2010,2010,0.3,1.02904349790288
"gdp",2010,2010,0.31,1.06128092908722
"gdp",2010,2010,0.32,1.09306826157479
"gdp",2010,2010,0.33,1.12444242122196
"gdp",2010,2010,0.34,1.15543764113941
"gdp",2010,2010,0.35,1.18608579048152
"gdp",2010,2010,0.36,1.21641665998569
"gdp",2010,2010,0.37,1.24645821140841
"gdp",2010,2010,0.38,1.27623679670974
"gdp",2010,2010,0.39,1.30577735181211
"gdp",2010,2010,0.4,1.33510356893937
"gdp",2010,2010,0.41,1.36423805088633
"gdp",2010,2010,0.42,1.39320245004005
"gdp",2010,2010,0.43,1.42201759454774
"gdp",2010,2010,0.44,1.45070360368091
"gdp",2010,2010,0.45,1.47927999416604
"gdp",2010,2010,0.46,1.50776577902663
"gdp",2010,2010,0.47,1.53617956030012
"gdp",2010,2010,0.48,1.56453961684898
"gdp",2010,2010,0.49,1.59286398837265
"gdp",2010,2010,0.5,1.62117055664116
"gdp",2010,2010,0.51,1.64947712490966
"gdp",2010,2010,0.52,1.67780149643334
"gdp",2010,2010,0.53,1.7061615529822
"gdp",2010,2010,0.54,1.73457533425568
"gdp",2010,2010,0.55,1.76306111911628
"gdp",2010,2010,0.56,1.79163750960141
"gdp",2010,2010,0.57,1.82032351873457
"gdp",2010,2010,0.58,1.84913866324226
"gdp",2010,2010,0.59,1.87810306239599
"gdp",2010,2010,0.6,1.90723754434295
"gdp",2010,2010,0.61,1.93656376147021
"gdp",2010,2010,0.62,1.96610431657257
"gdp",2010,2010,0.63,1.99588290187391
"gdp",2010,2010,0.64,2.02592445329662
"gdp",2010,2010,0.65,2.0562553228008
"gdp",2010,2010,0.66,2.0869034721429
"gdp",2010,2010,0.67,2.11789869206036
"gdp",2010,2010,0.68,2.14927285170753
"gdp",2010,2010,0.69,2.1810601841951
"gdp",2010,2010,0.7,2.21329761537943
"gdp",2010,2010,0.71,2.24602514469081
"gdp",2010,2010,0.72,2.27928628888727
"gdp",2010,2010,0.73,2.31312860232161
"gdp",2010,2010,0.74,2.34760429081293
"gdp",2010,2010,0.75,2.38277094080226
"gdp",2010,2010,0.76,2.41869239153427
"gdp",2010,2010,0.77,2.45543978610253
"gdp",2010,2010,0.78,2.49309284812406
"gdp",2010,2010,0.79,2.53174144574098
"gdp",2010,2010,0.8,2.57148752531404
"gdp",2010,2010,0.81,2.61244752618777
"gdp",2010,2010,0.82,2.65475542927425
"gdp",2010,2010,0.83,2.69856665219051
"gdp",2010,2010,0.84,2.74406309231631
"gdp",2010,2010,0.85,2.79145975283189
"gdp",2010,2010,0.86,2.84101359316195
"gdp",2010,2010,0.87,2.8930355721469
"gdp",2010,2010,0.88,2.9479073854241
"gdp",2010,2010,0.89,3.0061052975067
"gdp",2010,2010,0.9,3.06823504406633
"gdp",2010,2010,0.91,3.13508466493939
"gdp",2010,2010,0.92,3.20770769793138
"gdp",2010,2010,0.93,3.28756061471989
"gdp",2010,2010,0.94,3.3767438126977
"gdp",2010,2010,0.95,3.47845771898994
"gdp",2010,2010,0.96,3.59795846783407
"gdp",2010,2010,0.97,3.74486944766109
"gdp",2010,2010,0.98,3.94016199995504
"gdp",2010,2010,0.99,4.24796723375418
"gdp",2010,2011,0.01,-2.88763026490237
"gdp",2010,2011,0.02,-2.23864356730603
"gdp",2010,2011,0.03,-1.82688231486053
"gdp",2010,2011,0.04,-1.51713036405125
"gdp",2010,2011,0.05,-1.26517104745546
"gdp",2010,2011,0.06,-1.05071409579978
"gdp",2010,2011,0.07,-0.862677302460307
"gdp",2010,2011,0.08,-0.694312781427414
"gdp",2010,2011,0.09,-0.541191985626835
"gdp",2010,2011,0.1,-0.400244042180612
"gdp",2010,2011,0.11,-0.269247637263903
"gdp",2010,2011,0.12,-0.146541241718557
"gdp",2010,2011,0.13,-0.0308477024945488
"gdp",2010,2011,0.14,0.078837152201277
"gdp",2010,2011,0.15,0.18331810202816
"gdp",2010,2011,0.16,0.28325078285181
"gdp",2010,2011,0.17,0.379176976390501
"gdp",2010,2011,0.18,0.471550002434077
"gdp",2010,2011,0.19,0.560753379411879
"gdp",2010,2011,0.2,0.647114794948856
"gdp",2010,2011,0.21,0.730916738814934
"gdp",2010,2011,0.22,0.812404715560987
"gdp",2010,2011,0.23,0.891793672253289
"gdp",2010,2011,0.24,0.969273089843967
"gdp",2010,2011,0.25,1.04501106023422
"gdp",2010,2011,0.26,1.11915758386674
"gdp",2010,2011,0.27,1.19184726150861
"gdp",2010,2011,0.28,1.26320151030967
"gdp",2010,2011,0.29,1.33333040273918
"gdp",2010,2011,0.3,1.40233420396153
"gdp",2010,2011,0.31,1.47030466614335
"gdp",2010,2011,0.32,1.53732612540147
"gdp",2010,2011,0.33,1.60347643742822
"gdp",2010,2011,0.34,1.66882778044219
"gdp",2010,2011,0.35,1.73344734841857
"gdp",2010,2011,0.36,1.79739795312982
"gdp",2010,2011,0.37,1.86073855006463
"gdp",2010,2011,0.38,1.923524700564
"gdp",2010,2011,0.39,1.98580898034839
"gdp",2010,2011,0.4,2.04764134288331
"gdp",2010,2011,0.41,2.10906944464612
"gdp",2010,2011,0.42,2.17013893824318
"gdp",2010,2011,0.43,2.23089373842637
"gdp",2010,2011,0.44,2.29137626533071
"gdp",2010,2011,0.45,2.35162766866542
"gdp",2010,2011,0.46,2.41168803611577
"gdp",2010,2011,0.47,2.47159658883044
"gdp",2010,2011,0.48,2.53139186656538
"gdp",2010,2011,0.49,2.59111190481735
"gdp",2010,2011,0.5,2.65079440609948
"gdp",2010,2011,0.51,2.71047690738162
"gdp",2010,2011,0.52,2.77019694563358
"gdp",2010,2011,0.53,2.82999222336853
"gdp",2010,2011,0.54,2.8899007760832
"gdp",2010,2011,0.55,2.94996114353355
"gdp",2010,2011,0.56,3.01021254686826
"gdp",2010,2011,0.57,3.07069507377259
"gdp",2010,2011,0.58,3.13144987395579
"gdp",2010,2011,0.59,3.19251936755284
"gdp",2010,2011,0.6,3.25394746931566
"gdp",2010,2011,0.61,3.31577983185058
"gdp",2010,2011,0.62,3.37806411163497
"gdp",2010,2011,0.63,3.44085026213433
"gdp",2010,2011,0.64,3.50419085906914
"gdp",2010,2011,0.65,3.5681414637804
"gdp",2010,2011,0.66,3.63276103175678
"gdp",2010,2011,0.67,3.69811237477075
"gdp",2010,2011,0.68,3.7642626867975
"gdp",2010,2011,0.69,3.83128414605562
"gdp",2010,2011,0.7,3.89925460823744
"gdp",2010,2011,0.71,3.96825840945979
"gdp",2010,2011,0.72,4.0383873018893
"gdp",2010,2011,0.73,4.10974155069035
"gdp",2010,2011,0.74,4.18243122833223
"gdp",2010,2011,0.75,4.25657775196475
"gdp",2010,2011,0.76,4.332315722355
"gdp",2010,2011,0.77,4.40979513994568
"gdp",2010,2011,0.78,4.48918409663798
"gdp",2010,2011,0.79,4.57067207338403
"gdp",2010,2011,0.8,4.65447401725011
"gdp",2010,2011,0.81,4.74083543278709
"gdp",2010,2011,0.82,4.83003880976489
"gdp",2010,2011,0.83,4.92241183580847
"gdp",2010,2011,0.84,5.01833802934716
"gdp",2010,2011,0.85,5.11827071017081
"gdp",2010,2011,0.86,5.22275165999769
"gdp",2010,2011,0.87,5.33243651469352
"gdp",2010,2011,0.88,5.44813005391753
"gdp",2010,2011,0.89,5.57083644946287
"gdp",2010,2011,0.9,5.70183285437958
"gdp",2010,2011,0.91,5.8427807978258
"gdp",2010,2011,0.92,5.99590159362638
"gdp",2010,2011,0.93,6.16426611465928
"gdp",2010,2011,0.94,6.35230290799875
"gdp",2010,2011,0.95,6.56675985965443
"gdp",2010,2011,0.96,6.81871917625022
"gdp",2010,2011,0.97,7.12847112705949
"gdp",2010,2011,0.98,7.54023237950499
"gdp",2010,2011,0.99,8.18921907710134
"cpi",2011,2011,0.01,0.643897083154576
"cpi",2011,2011,0.02,0.947442596097318
"cpi",2011,2011,0.03,1.14003249207891
"cpi",2011,2011,0.04,1.28491036883918
"cpi",2011,2011,0.05,1.40275734517943
"cpi",2011,2011,0.06,1.50306363132607
"cpi",2011,2011,0.07,1.59101262180266
"cpi",2011,2011,0.08,1.66976045297943
"cpi",2011,2011,0.09,1.74137845482082
"cpi",2011,2011,0.1,1.80730294287284
"cpi",2011,2011,0.11,1.86857287501685
"cpi",2011,2011,0.12,1.92596538539514
"cpi",2011,2011,0.13,1.98007782689506
"cpi",2011,2011,0.14,2.03137987299864
"cpi",2011,2011,0.15,2.08024793705205
"cpi",2011,2011,0.16,2.12698867453204
"cpi",2011,2011,0.17,2.17185548879833
"cpi",2011,2011,0.18,2.21506040759916
"cpi",2011,2011,0.19,2.25678281103399
"cpi",2011,2011,0.2,2.29717596589329
"cpi",2011,2011,0.21,2.33637199892546
"cpi",2011,2011,0.22,2.37448573806936
"cpi",2011,2011,0.23,2.41161771884863
"cpi",2011,2011,0.24,2.44785656571895
"cpi",2011,2011,0.25,2.48328089900113
"cpi",2011,2011,0.26,2.51796087723845
"cpi",2011,2011,0.27,2.55195945620343
"cpi",2011,2011,0.28,2.58533342539752
"cpi",2011,2011,0.29,2.61813426816281
"cpi",2011,2011,0.3,2.65040888074673
"cpi",2011,2011,0.31,2.68220017767832
"cpi",2011,2011,0.32,2.71354760483519
"cpi",2011,2011,0.33,2.74448757705627
"cpi",2011,2011,0.34,2.77505385369975
"cpi",2011,2011,0.35,2.80527786288234
"cpi",2011,2011,0.36,2.83518898306704
"cpi",2011,2011,0.37,2.86481478904717
"cpi",2011,2011,0.38,2.89418126809769
"cpi",2011,2011,0.39,2.92331301105244
"cpi",2011,2011,0.4,2.95223338225825
"cpi",2011,2011,0.41,2.98096467170957
"cpi",2011,2011,0.42,3.00952823214575
"cpi",2011,2011,0.43,3.037944603473
"cpi",2011,2011,0.44,3.06623362653194
"cpi",2011,2011,0.45,3.09441454795682
"cpi",2011,2011,0.46,3.12250611764965
"cpi",2011,2011,0.47,3.150526680214
"cpi",2011,2011,0.48,3.17849426155092
"cpi",2011,2011,0.49,3.20642665170822
"cpi",2011,2011,0.5,3.23434148498984
"cpi",2011,2011,0.51,3.26225631827146
"cpi",2011,2011,0.52,3.29018870842875
"cpi",2011,2011,0.53,3.31815628976567
"cpi",2011,2011,0.54,3.34617685233003
"cpi",2011,2011,0.55,3.37426842202285
"cpi",2011,2011,0.56,3.40244934344773
"cpi",2011,2011,0.57,3.43073836650668
"cpi",2011,2011,0.58,3.45915473783393
"cpi",2011,2011,0.59,3.48771829827011
"cpi",2011,2011,0.6,3.51644958772142
"cpi",2011,2011,0.61,3.54536995892724
"cpi",2011,2011,0.62,3.57450170188198
"cpi",2011,2011,0.63,3.6038681809325
"cpi",2011,2011,0.64,3.63349398691263
"cpi",2011,2011,0.65,3.66340510709733
"cpi",2011,2011,0.66,3.69362911627992
"cpi",2011,2011,0.67,3.72419539292341
"cpi",2011,2011,0.68,3.75513536514449
"cpi",2011,2011,0.69,3.78648279230135
"cpi",2011,2011,0.7,3.81827408923294
"cpi",2011,2011,0.71,3.85054870181686
"cpi",2011,2011,0.72,3.88334954458215
"cpi",2011,2011,0.73,3.91672351377625
"cpi",2011,2011,0.74,3.95072209274122
"cpi",2011,2011,0.75,3.98540207097855
"cpi",2011,2011,0.76,4.02082640426072
"cpi",2011,2011,0.77,4.05706525113104
"cpi",2011,2011,0.78,4.09419723191032
"cpi",2011,2011,0.79,4.13231097105421
"cpi",2011,2011,0.8,4.17150700408639
"cpi",2011,2011,0.81,4.21190015894569
"cpi",2011,2011,0.82,4.25362256238051
"cpi",2011,2011,0.83,4.29682748118135
"cpi",2011,2011,0.84,4.34169429544763
"cpi",2011,2011,0.85,4.38843503292763
"cpi",2011,2011,0.86,4.43730309698103
"cpi",2011,2011,0.87,4.48860514308461
"cpi",2011,2011,0.88,4.54271758458454
"cpi",2011,2011,0.89,4.60011009496282
"cpi",2011,2011,0.9,4.66138002710684
"cpi",2011,2011,0.91,4.72730451515886
"cpi",2011,2011,0.92,4.79892251700024
"cpi",2011,2011,0.93,4.87767034817701
"cpi",2011,2011,0.94,4.96561933865361
"cpi",2011,2011,0.95,5.06592562480025
"cpi",2011,2011,0.96,5.1837726011405
"cpi",2011,2011,0.97,5.32865047790076
"cpi",2011,2011,0.98,5.52124037388235
"cpi",2011,2011,0.99,5.8247858868251
"cpi",2011,2012,0.01,-3.68390728158379
"cpi",2011,2012,0.02,-2.65902587577524
"cpi",2011,2012,0.03,-2.00877148253911
"cpi",2011,2012,0.04,-1.51961043197656
"cpi",2011,2012,0.05,-1.12171565299933
"cpi",2011,2012,0.06,-0.783044701942345
"cpi",2011,2012,0.07,-0.48609653056187
"cpi",2011,2012,0.08,-0.220214860500586
"cpi",2011,2012,0.09,0.0215938807877114
"cpi",2011,2012,0.1,0.244179223384111
"cpi",2011,2012,0.11,0.451049071601565
"cpi",2011,2012,0.12,0.644827316416118
"cpi",2011,2012,0.13,0.827530841098557
"cpi",2011,2012,0.14,1.00074543624036
"cpi",2011,2012,0.15,1.16574201187955
"cpi",2011,2012,0.16,1.32355594980477
"cpi",2011,2012,0.17,1.47504283305202
"cpi",2011,2012,0.18,1.62091854536009
"cpi",2011,2012,0.19,1.76178873998578
"cpi",2011,2012,0.2,1.89817090204082
"cpi",2011,2012,0.21,2.03051114007198
"cpi",2011,2012,0.22,2.15919715547615
"cpi",2011,2012,0.23,2.28456839319463
"cpi",2011,2012,0.24,2.40692408201793
"cpi",2011,2012,0.25,2.5265296730942
"cpi",2011,2012,0.26,2.64362204749535
"cpi",2011,2012,0.27,2.75841376708728
"cpi",2011,2012,0.28,2.87109657413477
"cpi",2011,2012,0.29,2.98184429535487
"cpi",2011,2012,0.3,3.09081526974437
"cpi",2011,2012,0.31,3.19815439255285
"cpi",2011,2012,0.32,3.3039948475856
"cpi",2011,2012,0.33,3.40845958474547
"cpi",2011,2012,0.34,3.51166258805462
"cpi",2011,2012,0.35,3.61370997040569
"cpi",2011,2012,0.36,3.71470092430586
"cpi",2011,2012,0.37,3.81472855240938
"cpi",2011,2012,0.38,3.91388059732405
"cpi",2011,2012,0.39,4.01224008675831
"cpi",2011,2012,0.4,4.10988590734902
"cpi",2011,2012,0.41,4.20689331832369
"cpi",2011,2012,0.42,4.30333441439173
"cpi",2011,2012,0.43,4.39927854583847
"cpi",2011,2012,0.44,4.49479270264654
"cpi",2011,2012,0.45,4.58994186853904
"cpi",2011,2012,0.46,4.68478935008815
"cpi",2011,2012,0.47,4.77939708542937
"cpi",2011,2012,0.48,4.87382593664107
"cpi",2011,2012,0.49,4.96813596947427
"cpi",2011,2012,0.5,5.0623867238314
"cpi",2011,2012,0.51,5.15663747818854
"cpi",2011,2012,0.52,5.25094751102173
"cpi",2011,2012,0.53,5.34537636223344
"cpi",2011,2012,0.54,5.43998409757465
"cpi",2011,2012,0.55,5.53483157912377
"cpi",2011,2012,0.56,5.62998074501627
"cpi",2011,2012,0.57,5.72549490182434
"cpi",2011,2012,0.58,5.82143903327108
"cpi",2011,2012,0.59,5.91788012933911
"cpi",2011,2012,0.6,6.01488754031378
"cpi",2011,2012,0.61,6.1125333609045
"cpi",2011,2012,0.62,6.21089285033876
"cpi",2011,2012,0.63,6.31004489525342
"cpi",2011,2012,0.64,6.41007252335695
"cpi",2011,2012,0.65,6.51106347725712
"cpi",2011,2012,0.66,6.61311085960819
"cpi",2011,2012,0.67,6.71631386291734
"cpi",2011,2012,0.68,6.82077860007721
"cpi",2011,2012,0.69,6.92661905510996
"cpi",2011,2012,0.7,7.03395817791844
"cpi",2011,2012,0.71,7.14292915230794
"cpi",2011,2012,0.72,7.25367687352803
"cpi",2011,2012,0.73,7.36635968057552
"cpi",2011,2012,0.74,7.48115140016746
"cpi",2011,2012,0.75,7.59824377456861
"cpi",2011,2012,0.76,7.71784936564487
"cpi",2011,2012,0.77,7.84020505446818
"cpi",2011,2012,0.78,7.96557629218665
"cpi",2011,2012,0.79,8.09426230759083
"cpi",2011,2012,0.8,8.22660254562199
"cpi",2011,2012,0.81,8.36298470767703
"cpi",2011,2012,0.82,8.50385490230272
"cpi",2011,2012,0.83,8.64973061461079
"cpi",2011,2012,0.84,8.80121749785804
"cpi",2011,2012,0.85,8.95903143578326
"cpi",2011,2012,0.86,9.12402801142245
"cpi",2011,2012,0.87,9.29724260656425
"cpi",2011,2012,0.88,9.47994613124669
"cpi",2011,2012,0.89,9.67372437606124
"cpi",2011,2012,0.9,9.8805942242787
"cpi",2011,2012,0.91,10.1031795668751
"cpi",2011,2012,0.92,10.3449883081634
"cpi",2011,2012,0.93,10.6108699782247
"cpi",2011,2012,0.94,10.9078181496052
"cpi",2011,2012,0.95,11.2464891006621
"cpi",2011,2012,0.96,11.6443838796394
"cpi",2011,2012,0.97,12.1335449302019
"cpi",2011,2012,0.98,12.783799323438
"cpi",2011,2012,0.99,13.8086807292466
"gdp",2011,2011,0.01,-0.327424679657904
"gdp",2011,2011,0.02,-0.0226157590521949
"gdp",2011,2011,0.03,0.170775728585403
"gdp",2011,2011,0.04,0.316256611523949
"gdp",2011,2011,0.05,0.434594086872148
"gdp",2011,2011,0.06,0.535317864713302
"gdp",2011,2011,0.07,0.62363291373394
"gdp",2011,2011,0.08,0.702708506676606
"gdp",2011,2011,0.09,0.774624594730681
"gdp",2011,2011,0.1,0.840823471629941
"gdp",2011,2011,0.11,0.902348419573829
"gdp",2011,2011,0.12,0.959979807268092
"gdp",2011,2011,0.13,1.01431747388365
"gdp",2011,2011,0.14,1.06583304776283
"gdp",2011,2011,0.15,1.11490450894769
"gdp",2011,2011,0.16,1.16183978926686
"gdp",2011,2011,0.17,1.20689334678758
"gdp",2011,2011,0.18,1.2502780917534
"gdp",2011,2011,0.19,1.29217415087401
"gdp",2011,2011,0.2,1.33273542886215
"gdp",2011,2011,0.21,1.37209460240004
"gdp",2011,2011,0.22,1.41036697735981
"gdp",2011,2011,0.23,1.44765350771092
"gdp",2011,2011,0.24,1.48404318677899
"gdp",2011,2011,0.25,1.51961496211586
"gdp",2011,2011,0.26,1.55443928427655
"gdp",2011,2011,0.27,1.58857937106609
"gdp",2011,2011,0.28,1.62209224835346
"gdp",2011,2011,0.29,1.65502961376308
"gdp",2011,2011,0.3,1.68743855873248
"gdp",2011,2011,0.31,1.71936217640823
"gdp",2011,2011,0.32,1.75084007684833
"gdp",2011,2011,0.33,1.78190882645643
"gdp",2011,2011,0.34,1.81260232510285
"gdp",2011,2011,0.35,1.84295213171343
"gdp",2011,2011,0.36,1.8729877470293
"gdp",2011,2011,0.37,1.90273686061472
"gdp",2011,2011,0.38,1.93222556790807
"gdp",2011,2011,0.39,1.96147856209439
"gdp",2011,2011,0.4,1.99051930476689
"gdp",2011,2011,0.41,2.01937017869471
"gdp",2011,2011,0.42,2.04805262549092
"gdp",2011,2011,0.43,2.07658727055228
"gdp",2011,2011,0.44,2.10499403730034
"gdp",2011,2011,0.45,2.1332922524771
"gdp",2011,2011,0.46,2.16150074402481
"gdp",2011,2011,0.47,2.18963793290039
"gdp",2011,2011,0.48,2.21772192003173
"gdp",2011,2011,0.49,2.24577056951181
"gdp",2011,2011,0.5,2.27380158904153
"gdp",2011,2011,0.51,2.30183260857126
"gdp",2011,2011,0.52,2.32988125805134
"gdp",2011,2011,0.53,2.35796524518268
"gdp",2011,2011,0.54,2.38610243405826
"gdp",2011,2011,0.55,2.41431092560597
"gdp",2011,2011,0.56,2.44260914078273
"gdp",2011,2011,0.57,2.47101590753079
"gdp",2011,2011,0.58,2.49955055259215
"gdp",2011,2011,0.59,2.52823299938836
"gdp",2011,2011,0.6,2.55708387331618
"gdp",2011,2011,0.61,2.58612461598868
"gdp",2011,2011,0.62,2.615377610175
"gdp",2011,2011,0.63,2.64486631746835
"gdp",2011,2011,0.64,2.67461543105377
"gdp",2011,2011,0.65,2.70465104636964
"gdp",2011,2011,0.66,2.73500085298022
"gdp",2011,2011,0.67,2.76569435162664
"gdp",2011,2011,0.68,2.79676310123474
"gdp",2011,2011,0.69,2.82824100167484
"gdp",2011,2011,0.7,2.86016461935059
"gdp",2011,2011,0.71,2.89257356431999
"gdp",2011,2011,0.72,2.92551092972961
"gdp",2011,2011,0.73,2.95902380701698
"gdp",2011,2011,0.74,2.99316389380652
"gdp",2011,2011,0.75,3.02798821596721
"gdp",2011,2011,0.76,3.06355999130408
"gdp",2011,2011,0.77,3.09994967037215
"gdp",2011,2011,0.78,3.13723620072326
"gdp",2011,2011,0.79,3.17550857568303
"gdp",2011,2011,0.8,3.21486774922092
"gdp",2011,2011,0.81,3.25542902720906
"gdp",2011,2011,0.82,3.29732508632967
"gdp",2011,2011,0.83,3.34070983129549
"gdp",2011,2011,0.84,3.38576338881621
"gdp",2011,2011,0.85,3.43269866913537
"gdp",2011,2011,0.86,3.48177013032024
"gdp",2011,2011,0.87,3.53328570419942
"gdp",2011,2011,0.88,3.58762337081498
"gdp",2011,2011,0.89,3.64525475850924
"gdp",2011,2011,0.9,3.70677970645313
"gdp",2011,2011,0.91,3.77297858335239
"gdp",2011,2011,0.92,3.84489467140646
"gdp",2011,2011,0.93,3.92397026434913
"gdp",2011,2011,0.94,4.01228531336977
"gdp",2011,2011,0.95,4.11300909121092
"gdp",2011,2011,0.96,4.23134656655912
"gdp",2011,2011,0.97,4.37682744949767
"gdp",2011,2011,0.98,4.57021893713526
"gdp",2011,2011,0.99,4.87502785774097
"gdp",2011,2012,0.01,-2.80408462929224
"gdp",2011,2012,0.02,-2.16148581209279
"gdp",2011,2012,0.03,-1.75377746495712
"gdp",2011,2012,0.04,-1.44707435693893
"gdp",2011,2012,0.05,-1.1975950387549
"gdp",2011,2012,0.06,-0.985248955261127
"gdp",2011,2012,0.07,-0.799062980359872
"gdp",2011,2012,0.08,-0.632355646488783
"gdp",2011,2012,0.09,-0.480741996109633
"gdp",2011,2012,0.1,-0.341181382493523
"gdp",2011,2012,0.11,-0.211474355880144
"gdp",2011,2012,0.12,-0.0899757412979221
"gdp",2011,2012,0.13,0.0245790434739641
"gdp",2011,2012,0.14,0.133184286313734
"gdp",2011,2012,0.15,0.236636845553075
"gdp",2011,2012,0.16,0.335585903730519
"gdp",2011,2012,0.17,0.430567909886752
"gdp",2011,2012,0.18,0.522031721851748
"gdp",2011,2012,0.19,0.610357083139485
"gdp",2011,2012,0.2,0.695868455993924
"gdp",2011,2012,0.21,0.778845549679827
"gdp",2011,2012,0.22,0.859531452282964
"gdp",2011,2012,0.23,0.938138995177321
"gdp",2011,2012,0.24,1.01485579428194
"gdp",2011,2012,0.25,1.08984828699422
"gdp",2011,2012,0.26,1.16326499732462
"gdp",2011,2012,0.27,1.2352392011847
"gdp",2011,2012,0.28,1.30589112063318
"gdp",2011,2012,0.29,1.37532974471225
"gdp",2011,2012,0.3,1.44365435169107
"gdp",2011,2012,0.31,1.5109557906332
"gdp",2011,2012,0.32,1.57731756754752
"gdp",2011,2012,0.33,1.64281677180425
"gdp",2011,2012,0.34,1.70752487118242
"gdp",2011,2012,0.35,1.77150839827682
"gdp",2011,2012,0.36,1.8348295466129
"gdp",2011,2012,0.37,1.89754669138916
"gdp",2011,2012,0.38,1.9597148470645
"gdp",2011,2012,0.39,2.02138607186435
"gdp",2011,2012,0.4,2.08260982756959
"gdp",2011,2012,0.41,2.1434333015819
"gdp",2011,2012,0.42,2.20390169715577
"gdp",2011,2012,0.43,2.26405849679667
"gdp",2011,2012,0.44,2.32394570310446
"gdp",2011,2012,0.45,2.38360406075784
"gdp",2011,2012,0.46,2.44307326286492
"gdp",2011,2012,0.47,2.50239214452637
"gdp",2011,2012,0.48,2.56159886615703
"gdp",2011,2012,0.49,2.62073108887586
"gdp",2011,2012,0.5,2.6798261440957
"gdp",2011,2012,0.51,2.73892119931555
"gdp",2011,2012,0.52,2.79805342203438
"gdp",2011,2012,0.53,2.85726014366504
"gdp",2011,2012,0.54,2.91657902532649
"gdp",2011,2012,0.55,2.97604822743356
"gdp",2011,2012,0.56,3.03570658508695
"gdp",2011,2012,0.57,3.09559379139474
"gdp",2011,2012,0.58,3.15575059103564
"gdp",2011,2012,0.59,3.21621898660951
"gdp",2011,2012,0.6,3.27704246062182
"gdp",2011,2012,0.61,3.33826621632706
"gdp",2011,2012,0.62,3.39993744112691
"gdp",2011,2012,0.63,3.46210559680225
"gdp",2011,2012,0.64,3.52482274157851
"gdp",2011,2012,0.65,3.58814388991459
"gdp",2011,2012,0.66,3.65212741700899
"gdp",2011,2012,0.67,3.71683551638716
"gdp",2011,2012,0.68,3.78233472064389
"gdp",2011,2012,0.69,3.84869649755821
"gdp",2011,2012,0.7,3.91599793650034
"gdp",2011,2012,0.71,3.98432254347916
"gdp",2011,2012,0.72,4.05376116755823
"gdp",2011,2012,0.73,4.12441308700671
"gdp",2011,2012,0.74,4.19638729086679
"gdp",2011,2012,0.75,4.26980400119718
"gdp",2011,2012,0.76,4.34479649390946
"gdp",2011,2012,0.77,4.42151329301409
"gdp",2011,2012,0.78,4.50012083590845
"gdp",2011,2012,0.79,4.58080673851158
"gdp",2011,2012,0.8,4.66378383219749
"gdp",2011,2012,0.81,4.74929520505192
"gdp",2011,2012,0.82,4.83762056633966
"gdp",2011,2012,0.83,4.92908437830466
"gdp",2011,2012,0.84,5.02406638446089
"gdp",2011,2012,0.85,5.12301544263833
"gdp",2011,2012,0.86,5.22646800187768
"gdp",2011,2012,0.87,5.33507324471744
"gdp",2011,2012,0.88,5.44962802948933
"gdp",2011,2012,0.89,5.57112664407155
"gdp",2011,2012,0.9,5.70083367068493
"gdp",2011,2012,0.91,5.84039428430104
"gdp",2011,2012,0.92,5.99200793468019
"gdp",2011,2012,0.93,6.15871526855128
"gdp",2011,2012,0.94,6.34490124345254
"gdp",2011,2012,0.95,6.55724732694631
"gdp",2011,2012,0.96,6.80672664513034
"gdp",2011,2012,0.97,7.11342975314853
"gdp",2011,2012,0.98,7.5211381002842
"gdp",2011,2012,0.99,8.16373691748365
"cpi",2012,2012,0.01,1.06015358845266
"cpi",2012,2012,0.02,1.36122243861915
"cpi",2012,2012,0.03,1.55224097147355
"cpi",2012,2012,0.04,1.69593677296281
"cpi",2012,2012,0.05,1.81282222225966
"cpi",2012,2012,0.06,1.91231009787302
"cpi",2012,2012,0.07,1.99954150241394
"cpi",2012,2012,0.08,2.07764682097277
"cpi",2012,2012,0.09,2.14868048329435
"cpi",2012,2012,0.1,2.21406708586087
"cpi",2012,2012,0.11,2.27483710957674
"cpi",2012,2012,0.12,2.33176134785734
"cpi",2012,2012,0.13,2.38543227971907
"cpi",2012,2012,0.14,2.43631574652395
"cpi",2012,2012,0.15,2.48478509041834
"cpi",2012,2012,0.16,2.53114446484167
"cpi",2012,2012,0.17,2.57564520560647
"cpi",2012,2012,0.18,2.6184976105022
"cpi",2012,2012,0.19,2.65987959604542
"cpi",2012,2012,0.2,2.69994317850523
"cpi",2012,2012,0.21,2.73881940659267
"cpi",2012,2012,0.22,2.77662217135225
"cpi",2012,2012,0.23,2.81345118802669
"cpi",2012,2012,0.24,2.84939435797454
"cpi",2012,2012,0.25,2.88452966004435
"cpi",2012,2012,0.26,2.91892668034779
"cpi",2012,2012,0.27,2.95264786099397
"cpi",2012,2012,0.28,2.98574952813228
"cpi",2012,2012,0.29,3.01828274504628
"cpi",2012,2012,0.3,3.05029402535152
"cpi",2012,2012,0.31,3.08182593343247
"cpi",2012,2012,0.32,3.11291759332327
"cpi",2012,2012,0.33,3.14360512275001
"cpi",2012,2012,0.34,3.17392200562437
"cpi",2012,2012,0.35,3.20389941363745
"cpi",2012,2012,0.36,3.23356648554998
"cpi",2012,2012,0.37,3.26295057116938
"cpi",2012,2012,0.38,3.29207744573744
"cpi",2012,2012,0.39,3.32097149944853
"cpi",2012,2012,0.4,3.34965590601713
"cpi",2012,2012,0.41,3.37815277357102
"cpi",2012,2012,0.42,3.40648328063012
"cpi",2012,2012,0.43,3.43466779951317
"cpi",2012,2012,0.44,3.46272600917708
"cpi",2012,2012,0.45,3.49067699922061
"cpi",2012,2012,0.46,3.51853936656316
"cpi",2012,2012,0.47,3.54633130613256
"cpi",2012,2012,0.48,3.57407069675446
"cpi",2012,2012,0.49,3.60177518332562
"cpi",2012,2012,0.5,3.62946225626968
"cpi",2012,2012,0.51,3.65714932921373
"cpi",2012,2012,0.52,3.68485381578489
"cpi",2012,2012,0.53,3.7125932064068
"cpi",2012,2012,0.54,3.7403851459762
"cpi",2012,2012,0.55,3.76824751331874
"cpi",2012,2012,0.56,3.79619850336227
"cpi",2012,2012,0.57,3.82425671302619
"cpi",2012,2012,0.58,3.85244123190924
"cpi",2012,2012,0.59,3.88077173896834
"cpi",2012,2012,0.6,3.90926860652223
"cpi",2012,2012,0.61,3.93795301309083
"cpi",2012,2012,0.62,3.96684706680192
"cpi",2012,2012,0.63,3.99597394136997
"cpi",2012,2012,0.64,4.02535802698937
"cpi",2012,2012,0.65,4.05502509890191
"cpi",2012,2012,0.66,4.08500250691498
"cpi",2012,2012,0.67,4.11531938978935
"cpi",2012,2012,0.68,4.14600691921609
"cpi",2012,2012,0.69,4.17709857910689
"cpi",2012,2012,0.7,4.20863048718784
"cpi",2012,2012,0.71,4.24064176749308
"cpi",2012,2012,0.72,4.27317498440708
"cpi",2012,2012,0.73,4.30627665154539
"cpi",2012,2012,0.74,4.33999783219157
"cpi",2012,2012,0.75,4.37439485249501
"cpi",2012,2012,0.76,4.40953015456482
"cpi",2012,2012,0.77,4.44547332451266
"cpi",2012,2012,0.78,4.48230234118711
"cpi",2012,2012,0.79,4.52010510594668
"cpi",2012,2012,0.8,4.55898133403413
"cpi",2012,2012,0.81,4.59904491649394
"cpi",2012,2012,0.82,4.64042690203716
"cpi",2012,2012,0.83,4.68327930693288
"cpi",2012,2012,0.84,4.72778004769769
"cpi",2012,2012,0.85,4.77413942212102
"cpi",2012,2012,0.86,4.82260876601541
"cpi",2012,2012,0.87,4.87349223282029
"cpi",2012,2012,0.88,4.92716316468202
"cpi",2012,2012,0.89,4.98408740296261
"cpi",2012,2012,0.9,5.04485742667849
"cpi",2012,2012,0.91,5.110244029245
"cpi",2012,2012,0.92,5.18127769156659
"cpi",2012,2012,0.93,5.25938301012541
"cpi",2012,2012,0.94,5.34661441466634
"cpi",2012,2012,0.95,5.44610229027969
"cpi",2012,2012,0.96,5.56298773957655
"cpi",2012,2012,0.97,5.70668354106581
"cpi",2012,2012,0.98,5.89770207392021
"cpi",2012,2012,0.99,6.1987709240867
"cpi",2012,2013,0.01,-3.76179796016778
"cpi",2012,2013,0.02,-2.74424680033831
"cpi",2012,2013,0.03,-2.09864321316069
"cpi",2012,2013,0.04,-1.61298078283233
"cpi",2012,2013,0.05,-1.21793186151937
"cpi",2012,2013,0.06,-0.881683182310757
"cpi",2012,2013,0.07,-0.586858869483005
"cpi",2012,2013,0.08,-0.322878861440204
"cpi",2012,2013,0.09,-0.0827996056743157
"cpi",2012,2013,0.1,0.138193742664681
"cpi",2012,2013,0.11,0.343583998351241
"cpi",2012,2013,0.12,0.535976285540032
"cpi",2012,2013,0.13,0.717373062173794
"cpi",2012,2013,0.14,0.889348776814534
"cpi",2012,2013,0.15,1.05316524958692
"cpi",2012,2013,0.16,1.20985045693183
"cpi",2012,2013,0.17,1.36025386250985
"cpi",2012,2013,0.18,1.50508622985378
"cpi",2012,2013,0.19,1.64494888041449
"cpi",2012,2013,0.2,1.78035559810168
"cpi",2012,2013,0.21,1.91174930076572
"cpi",2012,2013,0.22,2.03951491685186
"cpi",2012,2013,0.23,2.16398946349372
"cpi",2012,2013,0.24,2.28547002931164
"cpi",2012,2013,0.25,2.40422016687095
"cpi",2012,2013,0.26,2.52047506300215
"cpi",2012,2013,0.27,2.63444575926768
"cpi",2012,2013,0.28,2.74632262653659
"cpi",2012,2013,0.29,2.85627824826736
"cpi",2012,2013,0.3,2.96446983097082
"cpi",2012,2013,0.31,3.07104123356416
"cpi",2012,2013,0.32,3.17612468728386
"cpi",2012,2013,0.33,3.27984226265975
"cpi",2012,2013,0.34,3.38230712846758
"cpi",2012,2013,0.35,3.48362463865012
"cpi",2012,2013,0.36,3.58389327626125
"cpi",2012,2013,0.37,3.68320547805833
"cpi",2012,2013,0.38,3.78164835908883
"cpi",2012,2013,0.39,3.8793043532232
"cpi",2012,2013,0.4,3.97625178287843
"cpi",2012,2013,0.41,4.07256536900644
"cpi",2012,2013,0.42,4.16831669067456
"cpi",2012,2013,0.43,4.26357460215501
"cpi",2012,2013,0.44,4.35840561429881
"cpi",2012,2013,0.45,4.45287424604682
"cpi",2012,2013,0.46,4.54704335118448
"cpi",2012,2013,0.47,4.64097442484791
"cpi",2012,2013,0.48,4.73472789381249
"cpi",2012,2013,0.49,4.82836339422169
"cpi",2012,2013,0.5,4.92194004013151
"cpi",2012,2013,0.51,5.01551668604133
"cpi",2012,2013,0.52,5.10915218645054
"cpi",2012,2013,0.53,5.20290565541511
"cpi",2012,2013,0.54,5.29683672907855
"cpi",2012,2013,0.55,5.3910058342162
"cpi",2012,2013,0.56,5.48547446596422
"cpi",2012,2013,0.57,5.58030547810802
"cpi",2012,2013,0.58,5.67556338958847
"cpi",2012,2013,0.59,5.77131471125659
"cpi",2012,2013,0.6,5.86762829738459
"cpi",2012,2013,0.61,5.96457572703983
"cpi",2012,2013,0.62,6.0622317211742
"cpi",2012,2013,0.63,6.1606746022047
"cpi",2012,2013,0.64,6.25998680400178
"cpi",2012,2013,0.65,6.36025544161291
"cpi",2012,2013,0.66,6.46157295179544
"cpi",2012,2013,0.67,6.56403781760327
"cpi",2012,2013,0.68,6.66775539297917
"cpi",2012,2013,0.69,6.77283884669887
"cpi",2012,2013,0.7,6.8794102492922
"cpi",2012,2013,0.71,6.98760183199567
"cpi",2012,2013,0.72,7.09755745372644
"cpi",2012,2013,0.73,7.20943432099535
"cpi",2012,2013,0.74,7.32340501726088
"cpi",2012,2013,0.75,7.43965991339208
"cpi",2012,2013,0.76,7.55841005095139
"cpi",2012,2013,0.77,7.67989061676931
"cpi",2012,2013,0.78,7.80436516341117
"cpi",2012,2013,0.79,7.93213077949731
"cpi",2012,2013,0.8,8.06352448216135
"cpi",2012,2013,0.81,8.19893119984853
"cpi",2012,2013,0.82,8.33879385040925
"cpi",2012,2013,0.83,8.48362621775318
"cpi",2012,2013,0.84,8.6340296233312
"cpi",2012,2013,0.85,8.79071483067611
"cpi",2012,2013,0.86,8.95453130344849
"cpi",2012,2013,0.87,9.12650701808923
"cpi",2012,2013,0.88,9.30790379472299
"cpi",2012,2013,0.89,9.50029608191178
"cpi",2012,2013,0.9,9.70568633759835
"cpi",2012,2013,0.91,9.92667968593734
"cpi",2012,2013,0.92,10.1667589417032
"cpi",2012,2013,0.93,10.430738949746
"cpi",2012,2013,0.94,10.7255632625738
"cpi",2012,2013,0.95,11.0618119417824
"cpi",2012,2013,0.96,11.4568608630954
"cpi",2012,2013,0.97,11.9425232934237
"cpi",2012,2013,0.98,12.5881268806013
"cpi",2012,2013,0.99,13.6056780404308
"gdp",2012,2012,0.01,-4.43282586198072
"gdp",2012,2012,0.02,-4.12435035066688
"gdp",2012,2012,0.03,-3.92863252877964
"gdp",2012,2012,0.04,-3.78140163520317
"gdp",2012,2012,0.05,-3.66164066120318
"gdp",2012,2012,0.06,-3.55970526243182
"gdp",2012,2012,0.07,-3.47032785887942
"gdp",2012,2012,0.08,-3.39030105416202
"gdp",2012,2012,0.09,-3.31751987705576
"gdp",2012,2012,0.1,-3.25052468426638
"gdp",2012,2012,0.11,-3.18825964380158
"gdp",2012,2012,0.12,-3.12993499978727
"gdp",2012,2012,0.13,-3.07494369750016
"gdp",2012,2012,0.14,-3.02280843531221
"gdp",2012,2012,0.15,-2.9731466864046
"gdp",2012,2012,0.16,-2.92564681479212
"gdp",2012,2012,0.17,-2.88005130149449
"gdp",2012,2012,0.18,-2.83614467514
"gdp",2012,2012,0.19,-2.79374464224862
"gdp",2012,2012,0.2,-2.75269544676553
"gdp",2012,2012,0.21,-2.71286281602144
"gdp",2012,2012,0.22,-2.67413005711318
"gdp",2012,2012,0.23,-2.63639500168133
"gdp",2012,2012,0.24,-2.59956758588667
"gdp",2012,2012,0.25,-2.56356791250579
"gdp",2012,2012,0.26,-2.52832468352375
"gdp",2012,2012,0.27,-2.49377392067936
"gdp",2012,2012,0.28,-2.4598579121312
"gdp",2012,2012,0.29,-2.42652433837662
"gdp",2012,2012,0.3,-2.39372554150837
"gdp",2012,2012,0.31,-2.36141791000616
"gdp",2012,2012,0.32,-2.32956135733687
"gdp",2012,2012,0.33,-2.29811887723427
"gdp",2012,2012,0.34,-2.26705616204158
"gdp",2012,2012,0.35,-2.23634127320608
"gdp",2012,2012,0.36,-2.20594435511793
"gdp",2012,2012,0.37,-2.17583738513109
"gdp",2012,2012,0.38,-2.14599395390138
"gdp",2012,2012,0.39,-2.11638907120583
"gdp",2012,2012,0.4,-2.08699899322836
"gdp",2012,2012,0.41,-2.05780106795423
"gdp",2012,2012,0.42,-2.02877359584609
"gdp",2012,2012,0.43,-1.99989570340131
"gdp",2012,2012,0.44,-1.9711472275366
"gdp",2012,2012,0.45,-1.94250860902579
"gdp",2012,2012,0.46,-1.91396079344257
"gdp",2012,2012,0.47,-1.88548513824166
"gdp",2012,2012,0.48,-1.85706332475649
"gdp",2012,2012,0.49,-1.82867727400431
"gdp",2012,2012,0.5,-1.80030906527572
"gdp",2012,2012,0.51,-1.77194085654712
"gdp",2012,2012,0.52,-1.74355480579494
"gdp",2012,2012,0.53,-1.71513299230977
"gdp",2012,2012,0.54,-1.68665733710887
"gdp",2012,2012,0.55,-1.65810952152564
"gdp",2012,2012,0.56,-1.62947090301484
"gdp",2012,2012,0.57,-1.60072242715012
"gdp",2012,2012,0.58,-1.57184453470534
"gdp",2012,2012,0.59,-1.5428170625972
"gdp",2012,2012,0.6,-1.51361913732307
"gdp",2012,2012,0.61,-1.4842290593456
"gdp",2012,2012,0.62,-1.45462417665006
"gdp",2012,2012,0.63,-1.42478074542034
"gdp",2012,2012,0.64,-1.3946737754335
"gdp",2012,2012,0.65,-1.36427685734535
"gdp",2012,2012,0.66,-1.33356196850985
"gdp",2012,2012,0.67,-1.30249925331716
"gdp",2012,2012,0.68,-1.27105677321456
"gdp",2012,2012,0.69,-1.23920022054527
"gdp",2012,2012,0.7,-1.20689258904306
"gdp",2012,2012,0.71,-1.17409379217481
"gdp",2012,2012,0.72,-1.14076021842023
"gdp",2012,2012,0.73,-1.10684420987207
"gdp",2012,2012,0.74,-1.07229344702768
"gdp",2012,2012,0.75,-1.03705021804564
"gdp",2012,2012,0.76,-1.00105054466476
"gdp",2012,2012,0.77,-0.964223128870101
"gdp",2012,2012,0.78,-0.926488073438253
"gdp",2012,2012,0.79,-0.887755314529989
"gdp",2012,2012,0.8,-0.847922683785899
"gdp",2012,2012,0.81,-0.80687348830281
"gdp",2012,2012,0.82,-0.764473455411437
"gdp",2012,2012,0.83,-0.720566829056944
"gdp",2012,2012,0.84,-0.674971315759315
"gdp",2012,2012,0.85,-0.627471444146829
"gdp",2012,2012,0.86,-0.577809695239227
"gdp",2012,2012,0.87,-0.525674433051274
"gdp",2012,2012,0.88,-0.470683130764163
"gdp",2012,2012,0.89,-0.412358486749854
"gdp",2012,2012,0.9,-0.350093446285049
"gdp",2012,2012,0.91,-0.283098253495672
"gdp",2012,2012,0.92,-0.210317076389412
"gdp",2012,2012,0.93,-0.130290271672014
"gdp",2012,2012,0.94,-0.0409128681196127
"gdp",2012,2012,0.95,0.0610225306517502
"gdp",2012,2012,0.96,0.180783504651739
"gdp",2012,2012,0.97,0.328014398228204
"gdp",2012,2012,0.98,0.523732220115451
"gdp",2012,2012,0.99,0.832207731429292
"gdp",2012,2013,0.01,-3.44734637148072
"gdp",2012,2013,0.02,-2.78906526301567
"gdp",2012,2013,0.03,-2.37140700486233
"gdp",2012,2013,0.04,-2.0572189663661
"gdp",2012,2013,0.05,-1.80165123465284
"gdp",2012,2013,0.06,-1.58412295498733
"gdp",2012,2013,0.07,-1.39339320781351
"gdp",2012,2013,0.08,-1.22261746781421
"gdp",2012,2013,0.09,-1.06730376483389
"gdp",2012,2013,0.1,-0.924337246735306
"gdp",2012,2013,0.11,-0.791464787326066
"gdp",2012,2013,0.12,-0.667001061991619
"gdp",2012,2013,0.13,-0.549650627037105
"gdp",2012,2013,0.14,-0.438394929503679
"gdp",2012,2013,0.15,-0.332417664144845
"gdp",2012,2013,0.16,-0.231053805458496
"gdp",2012,2013,0.17,-0.133753812642991
"gdp",2012,2013,0.18,-0.0400578737255239
"gdp",2012,2013,0.19,0.0504230222516324
"gdp",2012,2013,0.2,0.13802125586543
"gdp",2012,2013,0.21,0.223023362540349
"gdp",2012,2013,0.22,0.305678362800971
"gdp",2012,2013,0.23,0.386204282060717
"gdp",2012,2013,0.24,0.464793314907952
"gdp",2012,2013,0.25,0.541615960558534
"gdp",2012,2013,0.26,0.61682436767446
"gdp",2012,2013,0.27,0.690555064696888
"gdp",2012,2013,0.28,0.762931207641599
"gdp",2012,2013,0.29,0.8340644453719
"gdp",2012,2013,0.3,0.904056478991674
"gdp",2012,2013,0.31,0.973000374688844
"gdp",2012,2013,0.32,1.04098167639315
"gdp",2012,2013,0.33,1.10807935480098
"gdp",2012,2013,0.34,1.17436662182548
"gdp",2012,2013,0.35,1.23991163375495
"gdp",2012,2013,0.36,1.30477810191563
"gdp",2012,2013,0.37,1.36902582612248
"gdp",2012,2013,0.38,1.43271116343378
"gdp",2012,2013,0.39,1.49588744252898
"gdp",2012,2013,0.4,1.55860533227811
"gdp",2012,2013,0.41,1.62091317166696
"gdp",2012,2013,0.42,1.68285726711199
"gdp",2012,2013,0.43,1.74448216228672
"gdp",2012,2013,0.44,1.80583088484269
"gdp",2012,2013,0.45,1.8669451738114
"gdp",2012,2013,0.46,1.92786569099066
"gdp",2012,2013,0.47,1.9886322192317
"gdp",2012,2013,0.48,2.0492838502345
"gdp",2012,2013,0.49,2.1098591642181
"gdp",2012,2013,0.5,2.17039640364917
"gdp",2012,2013,0.51,2.23093364308024
"gdp",2012,2013,0.52,2.29150895706384
"gdp",2012,2013,0.53,2.35216058806664
"gdp",2012,2013,0.54,2.41292711630768
"gdp",2012,2013,0.55,2.47384763348694
"gdp",2012,2013,0.56,2.53496192245565
"gdp",2012,2013,0.57,2.59631064501162
"gdp",2012,2013,0.58,2.65793554018635
"gdp",2012,2013,0.59,2.71987963563138
"gdp",2012,2013,0.6,2.78218747502023
"gdp",2012,2013,0.61,2.84490536476936
"gdp",2012,2013,0.62,2.90808164386456
"gdp",2012,2013,0.63,2.97176698117586
"gdp",2012,2013,0.64,3.03601470538271
"gdp",2012,2013,0.65,3.10088117354339
"gdp",2012,2013,0.66,3.16642618547287
"gdp",2012,2013,0.67,3.23271345249736
"gdp",2012,2013,0.68,3.29981113090519
"gdp",2012,2013,0.69,3.3677924326095
"gdp",2012,2013,0.7,3.43673632830667
"gdp",2012,2013,0.71,3.50672836192644
"gdp",2012,2013,0.72,3.57786159965674
"gdp",2012,2013,0.73,3.65023774260145
"gdp",2012,2013,0.74,3.72396843962388
"gdp",2012,2013,0.75,3.79917684673981
"gdp",2012,2013,0.76,3.87599949239039
"gdp",2012,2013,0.77,3.95458852523762
"gdp",2012,2013,0.78,4.03511444449737
"gdp",2012,2013,0.79,4.11776944475799
"gdp",2012,2013,0.8,4.20277155143291
"gdp",2012,2013,0.81,4.29036978504671
"gdp",2012,2013,0.82,4.38085068102386
"gdp",2012,2013,0.83,4.47454661994133
"gdp",2012,2013,0.84,4.57184661275684
"gdp",2012,2013,0.85,4.67321047144318
"gdp",2012,2013,0.86,4.77918773680202
"gdp",2012,2013,0.87,4.89044343433545
"gdp",2012,2013,0.88,5.00779386928996
"gdp",2012,2013,0.89,5.13225759462441
"gdp",2012,2013,0.9,5.26513005403365
"gdp",2012,2013,0.91,5.40809657213223
"gdp",2012,2013,0.92,5.56341027511255
"gdp",2012,2013,0.93,5.73418601511185
"gdp",2012,2013,0.94,5.92491576228567
"gdp",2012,2013,0.95,6.14244404195118
"gdp",2012,2013,0.96,6.39801177366444
"gdp",2012,2013,0.97,6.71219981216066
"gdp",2012,2013,0.98,7.12985807031401
"gdp",2012,2013,0.99,7.78813917877906
"cpi",2013,2013,0.01,-0.689875284215983
"cpi",2013,2013,0.02,-0.390305324849729
"cpi",2013,2013,0.03,-0.200237790152094
"cpi",2013,2013,0.04,-0.0572573875317814
"cpi",2013,2013,0.05,0.0590461399736435
"cpi",2013,2013,0.06,0.158038708744694
"cpi",2013,2013,0.07,0.244835826079604
"cpi",2013,2013,0.08,0.322552292243466
"cpi",2013,2013,0.09,0.393232308869382
"cpi",2013,2013,0.1,0.458293379993531
"cpi",2013,2013,0.11,0.518760856204318
"cpi",2013,2013,0.12,0.575401693472083
"cpi",2013,2013,0.13,0.628805421118025
"cpi",2013,2013,0.14,0.679435561282714
"cpi",2013,2013,0.15,0.727663597404426
"cpi",2013,2013,0.16,0.773792168674961
"cpi",2013,2013,0.17,0.818071359615202
"cpi",2013,2013,0.18,0.860710421033412
"cpi",2013,2013,0.19,0.901886383677247
"cpi",2013,2013,0.2,0.941750506992939
"cpi",2013,2013,0.21,0.98043318725704
"cpi",2013,2013,0.22,1.01804774850008
"cpi",2013,2013,0.23,1.05469340952599
"cpi",2013,2013,0.24,1.09045763407069
"cpi",2013,2013,0.25,1.12541801276
"cpi",2013,2013,0.26,1.1596437852666
"cpi",2013,2013,0.27,1.19319708282751
"cpi",2013,2013,0.28,1.22613395116874
"cpi",2013,2013,0.29,1.25850519935198
"cpi",2013,2013,0.3,1.29035710942171
"cpi",2013,2013,0.31,1.32173203385288
"cpi",2013,2013,0.32,1.35266890189807
"cpi",2013,2013,0.33,1.38320365146892
"cpi",2013,2013,0.34,1.41336959977531
"cpi",2013,2013,0.35,1.44319776331802
"cpi",2013,2013,0.36,1.4727171357886
"cpi",2013,2013,0.37,1.50195493083166
"cpi",2013,2013,0.38,1.53093679536528
"cpi",2013,2013,0.39,1.55968699815568
"cpi",2013,2013,0.4,1.58822859754548
"cpi",2013,2013,0.41,1.61658359159573
"cpi",2013,2013,0.42,1.64477305338769
"cpi",2013,2013,0.43,1.67281725381521
"cpi",2013,2013,0.44,1.70073577386224
"cpi",2013,2013,0.45,1.72854760808872
"cpi",2013,2013,0.46,1.75627126082808
"cpi",2013,2013,0.47,1.78392483642353
"cpi",2013,2013,0.48,1.81152612468983
"cpi",2013,2013,0.49,1.83909268267747
"cpi",2013,2013,0.5,1.86664191373287
"cpi",2013,2013,0.51,1.89419114478828
"cpi",2013,2013,0.52,1.92175770277591
"cpi",2013,2013,0.53,1.94935899104221
"cpi",2013,2013,0.54,1.97701256663766
"cpi",2013,2013,0.55,2.00473621937702
"cpi",2013,2013,0.56,2.0325480536035
"cpi",2013,2013,0.57,2.06046657365053
"cpi",2013,2013,0.58,2.08851077407805
"cpi",2013,2013,0.59,2.11670023587002
"cpi",2013,2013,0.6,2.14505522992026
"cpi",2013,2013,0.61,2.17359682931006
"cpi",2013,2013,0.62,2.20234703210047
"cpi",2013,2013,0.63,2.23132889663408
"cpi",2013,2013,0.64,2.26056669167715
"cpi",2013,2013,0.65,2.29008606414772
"cpi",2013,2013,0.66,2.31991422769044
"cpi",2013,2013,0.67,2.35008017599683
"cpi",2013,2013,0.68,2.38061492556768
"cpi",2013,2013,0.69,2.41155179361287
"cpi",2013,2013,0.7,2.44292671804403
"cpi",2013,2013,0.71,2.47477862811377
"cpi",2013,2013,0.72,2.507149876297
"cpi",2013,2013,0.73,2.54008674463824
"cpi",2013,2013,0.74,2.57364004219915
"cpi",2013,2013,0.75,2.60786581470575
"cpi",2013,2013,0.76,2.64282619339505
"cpi",2013,2013,0.77,2.67859041793976
"cpi",2013,2013,0.78,2.71523607896567
"cpi",2013,2013,0.79,2.7528506402087
"cpi",2013,2013,0.8,2.79153332047281
"cpi",2013,2013,0.81,2.8313974437885
"cpi",2013,2013,0.82,2.87257340643233
"cpi",2013,2013,0.83,2.91521246785054
"cpi",2013,2013,0.84,2.95949165879078
"cpi",2013,2013,0.85,3.00562023006132
"cpi",2013,2013,0.86,3.05384826618303
"cpi",2013,2013,0.87,3.10447840634772
"cpi",2013,2013,0.88,3.15788213399366
"cpi",2013,2013,0.89,3.21452297126143
"cpi",2013,2013,0.9,3.27499044747221
"cpi",2013,2013,0.91,3.34005151859636
"cpi",2013,2013,0.92,3.41073153522228
"cpi",2013,2013,0.93,3.48844800138614
"cpi",2013,2013,0.94,3.57524511872105
"cpi",2013,2013,0.95,3.6742376874921
"cpi",2013,2013,0.96,3.79054121499753
"cpi",2013,2013,0.97,3.93352161761784
"cpi",2013,2013,0.98,4.12358915231547
"cpi",2013,2013,0.99,4.42315911168173
"cpi",2013,2014,0.01,-5.02999413427777
"cpi",2013,2014,0.02,-4.01464851983975
"cpi",2013,2014,0.03,-3.37044428050096
"cpi",2013,2014,0.04,-2.88583452504271
"cpi",2013,2014,0.05,-2.49164187352944
"cpi",2013,2014,0.06,-2.15612201440781
"cpi",2013,2014,0.07,-1.86193673422049
"cpi",2013,2014,0.08,-1.59852890368891
"cpi",2013,2014,0.09,-1.35897002047729
"cpi",2013,2014,0.1,-1.13845567592721
"cpi",2013,2014,0.11,-0.93351060427636
"cpi",2013,2014,0.12,-0.741535327985017
"cpi",2013,2014,0.13,-0.560531729444429
"cpi",2013,2014,0.14,-0.388928772714879
"cpi",2013,2014,0.15,-0.225467372670857
"cpi",2013,2014,0.16,-0.0691217810136946
"cpi",2013,2014,0.17,0.0809556247019816
"cpi",2013,2014,0.18,0.225474067426751
"cpi",2013,2014,0.19,0.365033565245313
"cpi",2013,2014,0.2,0.500146788439094
"cpi",2013,2014,0.21,0.631255694832622
"cpi",2013,2014,0.22,0.758744378537499
"cpi",2013,2014,0.23,0.882949126201642
"cpi",2013,2014,0.24,1.00416638250485
"cpi",2013,2014,0.25,1.12265912876142
"cpi",2013,2014,0.26,1.23866204203366
"cpi",2013,2014,0.27,1.35238570645074
"cpi",2013,2014,0.28,1.46402008025224
"cpi",2013,2014,0.29,1.57373737282144
"cpi",2013,2014,0.3,1.68169444992357
"cpi",2013,2014,0.31,1.78803485866114
"cpi",2013,2014,0.32,1.89289054365901
"cpi",2013,2014,0.33,1.99638331085875
"cpi",2013,2014,0.34,2.09862608374242
"cpi",2013,2014,0.35,2.19972398789778
"cpi",2013,2014,0.36,2.29977529291639
"cpi",2013,2014,0.37,2.39887223519863
"cpi",2013,2014,0.38,2.49710174096983
"cpi",2013,2014,0.39,2.59454606542477
"cpi",2013,2014,0.4,2.69128336121634
"cpi",2013,2014,0.41,2.78738818733855
"cpi",2013,2014,0.42,2.8829319677109
"cpi",2013,2014,0.43,2.97798340736373
"cpi",2013,2014,0.44,3.07260887298559
"cpi",2013,2014,0.45,3.16687274367233
"cpi",2013,2014,0.46,3.26083773697359
"cpi",2013,2014,0.47,3.35456521473462
"cpi",2013,2014,0.48,3.44811547275554
"cpi",2013,2014,0.49,3.54154801791831
"cpi",2013,2014,0.5,3.63492183614901
"cpi",2013,2014,0.51,3.72829565437971
"cpi",2013,2014,0.52,3.82172819954248
"cpi",2013,2014,0.53,3.9152784575634
"cpi",2013,2014,0.54,4.00900593532443
"cpi",2013,2014,0.55,4.10297092862569
"cpi",2013,2014,0.56,4.19723479931243
"cpi",2013,2014,0.57,4.29186026493429
"cpi",2013,2014,0.58,4.38691170458712
"cpi",2013,2014,0.59,4.48245548495947
"cpi",2013,2014,0.6,4.57856031108168
"cpi",2013,2014,0.61,4.67529760687325
"cpi",2013,2014,0.62,4.77274193132819
"cpi",2013,2014,0.63,4.87097143709939
"cpi",2013,2014,0.64,4.97006837938163
"cpi",2013,2014,0.65,5.07011968440023
"cpi",2013,2014,0.66,5.1712175885556
"cpi",2013,2014,0.67,5.27346036143927
"cpi",2013,2014,0.68,5.37695312863901
"cpi",2013,2014,0.69,5.48180881363688
"cpi",2013,2014,0.7,5.58814922237445
"cpi",2013,2014,0.71,5.69610629947658
"cpi",2013,2014,0.72,5.80582359204578
"cpi",2013,2014,0.73,5.91745796584728
"cpi",2013,2014,0.74,6.03118163026435
"cpi",2013,2014,0.75,6.14718454353659
"cpi",2013,2014,0.76,6.26567728979317
"cpi",2013,2014,0.77,6.38689454609637
"cpi",2013,2014,0.78,6.51109929376052
"cpi",2013,2014,0.79,6.6385879774654
"cpi",2013,2014,0.8,6.76969688385892
"cpi",2013,2014,0.81,6.9048101070527
"cpi",2013,2014,0.82,7.04436960487127
"cpi",2013,2014,0.83,7.18888804759604
"cpi",2013,2014,0.84,7.33896545331171
"cpi",2013,2014,0.85,7.49531104496887
"cpi",2013,2014,0.86,7.65877244501289
"cpi",2013,2014,0.87,7.83037540174244
"cpi",2013,2014,0.88,8.01137900028303
"cpi",2013,2014,0.89,8.20335427657438
"cpi",2013,2014,0.9,8.40829934822522
"cpi",2013,2014,0.91,8.62881369277531
"cpi",2013,2014,0.92,8.86837257598693
"cpi",2013,2014,0.93,9.13178040651851
"cpi",2013,2014,0.94,9.42596568670582
"cpi",2013,2014,0.95,9.76148554582746
"cpi",2013,2014,0.96,10.1556781973407
"cpi",2013,2014,0.97,10.640287952799
"cpi",2013,2014,0.98,11.2844921921378
"cpi",2013,2014,0.99,12.2998378065758
"gdp",2013,2013,0.01,-4.37494413282704
"gdp",2013,2013,0.02,-4.06339483315702
"gdp",2013,2013,0.03,-3.86572679110658
"gdp",2013,2013,0.04,-3.7170288228686
"gdp",2013,2013,0.05,-3.59607449680693
"gdp",2013,2013,0.06,-3.49312336800082
"gdp",2013,2013,0.07,-3.40285536791071
"gdp",2013,2013,0.08,-3.32203114021644
"gdp",2013,2013,0.09,-3.24852473881673
"gdp",2013,2013,0.1,-3.18086197587685
"gdp",2013,2013,0.11,-3.11797649862092
"gdp",2013,2013,0.12,-3.05907068169313
"gdp",2013,2013,0.13,-3.00353142140461
"gdp",2013,2013,0.14,-2.95087666007983
"gdp",2013,2013,0.15,-2.90072005923118
"gdp",2013,2013,0.16,-2.85274687759269
"gdp",2013,2013,0.17,-2.80669703014947
"gdp",2013,2013,0.18,-2.76235289847641
"gdp",2013,2013,0.19,-2.71953037263949
"gdp",2013,2013,0.2,-2.67807214456069
"gdp",2013,2013,0.21,-2.63784260361762
"gdp",2013,2013,0.22,-2.59872389412667
"gdp",2013,2013,0.23,-2.56061282967708
"gdp",2013,2013,0.24,-2.52341844899313
"gdp",2013,2013,0.25,-2.48706005871964
"gdp",2013,2013,0.26,-2.45146565039627
"gdp",2013,2013,0.27,-2.41657060825374
"gdp",2013,2013,0.28,-2.38231664538396
"gdp",2013,2013,0.29,-2.34865092094928
"gdp",2013,2013,0.3,-2.31552530215769
"gdp",2013,2013,0.31,-2.28289574292416
"gdp",2013,2013,0.32,-2.25072175727535
"gdp",2013,2013,0.33,-2.21896597019802
"gdp",2013,2013,0.34,-2.1875937321785
"gdp",2013,2013,0.35,-2.156572786414
"gdp",2013,2013,0.36,-2.1258729798
"gdp",2013,2013,0.37,-2.09546601046024
"gdp",2013,2013,0.38,-2.06532520589599
"gdp",2013,2013,0.39,-2.0354253268705
"gdp",2013,2013,0.4,-2.00574239297364
"gdp",2013,2013,0.41,-1.97625352647584
"gdp",2013,2013,0.42,-1.94693681161584
"gdp",2013,2013,0.43,-1.91777116689805
"gdp",2013,2013,0.44,-1.88873622832518
"gdp",2013,2013,0.45,-1.85981224177416
"gdp",2013,2013,0.46,-1.83097996295183
"gdp",2013,2013,0.47,-1.80222056355024
"gdp",2013,2013,0.48,-1.77351554236738
"gdp",2013,2013,0.49,-1.74484664027342
"gdp",2013,2013,0.5,-1.71619575798898
"gdp",2013,2013,0.51,-1.68754487570453
"gdp",2013,2013,0.52,-1.65887597361058
"gdp",2013,2013,0.53,-1.63017095242772
"gdp",2013,2013,0.54,-1.60141155302612
"gdp",2013,2013,0.55,-1.57257927420379
"gdp",2013,2013,0.56,-1.54365528765277
"gdp",2013,2013,0.57,-1.5146203490799
"gdp",2013,2013,0.58,-1.48545470436211
"gdp",2013,2013,0.59,-1.45613798950211
"gdp",2013,2013,0.6,-1.42664912300432
"gdp",2013,2013,0.61,-1.39696618910745
"gdp",2013,2013,0.62,-1.36706631008197
"gdp",2013,2013,0.63,-1.33692550551771
"gdp",2013,2013,0.64,-1.30651853617796
"gdp",2013,2013,0.65,-1.27581872956396
"gdp",2013,2013,0.66,-1.24479778379945
"gdp",2013,2013,0.67,-1.21342554577993
"gdp",2013,2013,0.68,-1.1816697587026
"gdp",2013,2013,0.69,-1.1494957730538
"gdp",2013,2013,0.7,-1.11686621382027
"gdp",2013,2013,0.71,-1.08374059502867
"gdp",2013,2013,0.72,-1.050074870594
"gdp",2013,2013,0.73,-1.01582090772421
"gdp",2013,2013,0.74,-0.980925865581681
"gdp",2013,2013,0.75,-0.945331457258312
"gdp",2013,2013,0.76,-0.908973066984823
"gdp",2013,2013,0.77,-0.871778686300875
"gdp",2013,2013,0.78,-0.833667621851286
"gdp",2013,2013,0.79,-0.794548912360339
"gdp",2013,2013,0.8,-0.754319371417264
"gdp",2013,2013,0.81,-0.712861143338463
"gdp",2013,2013,0.82,-0.670038617501546
"gdp",2013,2013,0.83,-0.625694485828486
"gdp",2013,2013,0.84,-0.579644638385266
"gdp",2013,2013,0.85,-0.531671456746772
"gdp",2013,2013,0.86,-0.481514855898121
"gdp",2013,2013,0.87,-0.428860094573341
"gdp",2013,2013,0.88,-0.373320834284828
"gdp",2013,2013,0.89,-0.314415017357032
"gdp",2013,2013,0.9,-0.251529540101109
"gdp",2013,2013,0.91,-0.183866777161223
"gdp",2013,2013,0.92,-0.110360375761516
"gdp",2013,2013,0.93,-0.0295361480672507
"gdp",2013,2013,0.94,0.060731852022863
"gdp",2013,2013,0.95,0.163682980828975
"gdp",2013,2013,0.96,0.28463730689065
"gdp",2013,2013,0.97,0.433335275128627
"gdp",2013,2013,0.98,0.631003317179063
"gdp",2013,2013,0.99,0.942552616849085
"gdp",2013,2014,0.01,-3.69936165670971
"gdp",2013,2014,0.02,-3.02536531382803
"gdp",2013,2014,0.03,-2.59773624328386
"gdp",2013,2014,0.04,-2.27604755102075
"gdp",2013,2014,0.05,-2.01437861609574
"gdp",2013,2014,0.06,-1.79165725422988
"gdp",2013,2014,0.07,-1.59637418986601
"gdp",2013,2014,0.08,-1.42152149740331
"gdp",2013,2014,0.09,-1.26249996927191
"gdp",2013,2014,0.1,-1.11612039204591
"gdp",2013,2014,0.11,-0.980075850344952
"gdp",2013,2014,0.12,-0.852640785570794
"gdp",2013,2014,0.13,-0.732488827725086
"gdp",2013,2014,0.14,-0.618577107795694
"gdp",2013,2014,0.15,-0.510069832769968
"gdp",2013,2014,0.16,-0.406286100901558
"gdp",2013,2014,0.17,-0.30666325212654
"gdp",2013,2014,0.18,-0.210730497318353
"gdp",2013,2014,0.19,-0.118089538607778
"gdp",2013,2014,0.2,-0.0284000604511507
"gdp",2013,2014,0.21,0.0586313130751579
"gdp",2013,2014,0.22,0.143259547396578
"gdp",2013,2014,0.23,0.225707872876872
"gdp",2013,2014,0.24,0.306173072391948
"gdp",2013,2014,0.25,0.384829715508629
"gdp",2013,2014,0.26,0.46183358315461
"gdp",2013,2014,0.27,0.537324463133087
"gdp",2013,2014,0.28,0.611428451580156
"gdp",2013,2014,0.29,0.68425986276762
"gdp",2013,2014,0.3,0.755922825723642
"gdp",2013,2014,0.31,0.826512628417906
"gdp",2013,2014,0.32,0.896116856982022
"gdp",2013,2014,0.33,0.964816367390544
"gdp",2013,2014,0.34,1.03268611935458
"gdp",2013,2014,0.35,1.09979589626678
"gdp",2013,2014,0.36,1.16621093044251
"gdp",2013,2014,0.37,1.23199244930587
"gdp",2013,2014,0.38,1.29719815533486
"gdp",2013,2014,0.39,1.36188265033172
"gdp",2013,2014,0.4,1.42609781279133
"gdp",2013,2014,0.41,1.48989313570263
"gdp",2013,2014,0.42,1.5533160309615
"gdp",2013,2014,0.43,1.6164121056386
"gdp",2013,2014,0.44,1.67922541459046
"gdp",2013,2014,0.45,1.74179869329014
"gdp",2013,2014,0.46,1.80417357426011
"gdp",2013,2014,0.47,1.86639079009299
"gdp",2013,2014,0.48,1.92849036573024
"gdp",2013,2014,0.49,1.99051180242171
"gdp",2013,2014,0.5,2.05249425560168
"gdp",2013,2014,0.51,2.11447670878165
"gdp",2013,2014,0.52,2.17649814547313
"gdp",2013,2014,0.53,2.23859772111037
"gdp",2013,2014,0.54,2.30081493694325
"gdp",2013,2014,0.55,2.36318981791322
"gdp",2013,2014,0.56,2.42576309661291
"gdp",2013,2014,0.57,2.48857640556477
"gdp",2013,2014,0.58,2.55167248024187
"gdp",2013,2014,0.59,2.61509537550073
"gdp",2013,2014,0.6,2.67889069841204
"gdp",2013,2014,0.61,2.74310586087164
"gdp",2013,2014,0.62,2.80779035586851
"gdp",2013,2014,0.63,2.87299606189749
"gdp",2013,2014,0.64,2.93877758076085
"gdp",2013,2014,0.65,3.00519261493659
"gdp",2013,2014,0.66,3.07230239184879
"gdp",2013,2014,0.67,3.14017214381282
"gdp",2013,2014,0.68,3.20887165422134
"gdp",2013,2014,0.69,3.27847588278546
"gdp",2013,2014,0.7,3.34906568547972
"gdp",2013,2014,0.71,3.42072864843574
"gdp",2013,2014,0.72,3.49356005962321
"gdp",2013,2014,0.73,3.56766404807028
"gdp",2013,2014,0.74,3.64315492804875
"gdp",2013,2014,0.75,3.72015879569473
"gdp",2013,2014,0.76,3.79881543881142
"gdp",2013,2014,0.77,3.87928063832649
"gdp",2013,2014,0.78,3.96172896380679
"gdp",2013,2014,0.79,4.04635719812821
"gdp",2013,2014,0.8,4.13338857165452
"gdp",2013,2014,0.81,4.22307804981114
"gdp",2013,2014,0.82,4.31571900852172
"gdp",2013,2014,0.83,4.41165176332991
"gdp",2013,2014,0.84,4.51127461210492
"gdp",2013,2014,0.85,4.61505834397333
"gdp",2013,2014,0.86,4.72356561899906
"gdp",2013,2014,0.87,4.83747733892845
"gdp",2013,2014,0.88,4.95762929677416
"gdp",2013,2014,0.89,5.08506436154832
"gdp",2013,2014,0.9,5.22110890324927
"gdp",2013,2014,0.91,5.36748848047527
"gdp",2013,2014,0.92,5.52651000860668
"gdp",2013,2014,0.93,5.70136270106938
"gdp",2013,2014,0.94,5.89664576543325
"gdp",2013,2014,0.95,6.11936712729911
"gdp",2013,2014,0.96,6.38103606222412
"gdp",2013,2014,0.97,6.70272475448722
"gdp",2013,2014,0.98,7.13035382503139
"gdp",2013,2014,0.99,7.80435016791308
"cpi",2014,2014,0.01,-1.63456758943488
"cpi",2014,2014,0.02,-1.33586309337129
"cpi",2014,2014,0.03,-1.14634466739156
"cpi",2014,2014,0.04,-1.0037773378702
"cpi",2014,2014,0.05,-0.887809813464817
"cpi",2014,2014,0.06,-0.78910323610522
"cpi",2014,2014,0.07,-0.702556877290922
"cpi",2014,2014,0.08,-0.625064935473961
"cpi",2014,2014,0.09,-0.554589114758579
"cpi",2014,2014,0.1,-0.489716006304684
"cpi",2014,2014,0.11,-0.429423221781194
"cpi",2014,2014,0.12,-0.372946020968137
"cpi",2014,2014,0.13,-0.319696577705719
"cpi",2014,2014,0.14,-0.269212708977638
"cpi",2014,2014,0.15,-0.22112400456833
"cpi",2014,2014,0.16,-0.175128699616366
"cpi",2014,2014,0.17,-0.130977432099794
"cpi",2014,2014,0.18,-0.0884615557399107
"cpi",2014,2014,0.19,-0.0474045512342536
"cpi",2014,2014,0.2,-0.00765559612800304
"cpi",2014,2014,0.21,0.0309153291380726
"cpi",2014,2014,0.22,0.0684212211992234
"cpi",2014,2014,0.23,0.104961012214382
"cpi",2014,2014,0.24,0.140621913235066
"cpi",2014,2014,0.25,0.175481290726296
"cpi",2014,2014,0.26,0.20960818432604
"cpi",2014,2014,0.27,0.243064545772983
"cpi",2014,2014,0.28,0.275906258875971
"cpi",2014,2014,0.29,0.308183985908342
"cpi",2014,2014,0.3,0.339943875204892
"cpi",2014,2014,0.31,0.371228156883434
"cpi",2014,2014,0.32,0.402075647729225
"cpi",2014,2014,0.33,0.432522181828587
"cpi",2014,2014,0.34,0.462600980137342
"cpi",2014,2014,0.35,0.492342969549023
"cpi",2014,2014,0.36,0.52177705999184
"cpi",2014,2014,0.37,0.550930386489678
"cpi",2014,2014,0.38,0.579828521866174
"cpi",2014,2014,0.39,0.60849566477463
"cpi",2014,2014,0.4,0.636954806941674
"cpi",2014,2014,0.41,0.665227882875529
"cpi",2014,2014,0.42,0.693335904776946
"cpi",2014,2014,0.43,0.721299084976756
"cpi",2014,2014,0.44,0.749136947889085
"cpi",2014,2014,0.45,0.776868433198223
"cpi",2014,2014,0.46,0.804511991778232
"cpi",2014,2014,0.47,0.832085675668534
"cpi",2014,2014,0.48,0.859607223288773
"cpi",2014,2014,0.49,0.88709414096678
"cpi",2014,2014,0.5,0.914563781770391
"cpi",2014,2014,0.51,0.942033422574003
"cpi",2014,2014,0.52,0.96952034025201
"cpi",2014,2014,0.53,0.997041887872249
"cpi",2014,2014,0.54,1.02461557176255
"cpi",2014,2014,0.55,1.05225913034256
"cpi",2014,2014,0.56,1.0799906156517
"cpi",2014,2014,0.57,1.10782847856403
"cpi",2014,2014,0.58,1.13579165876384
"cpi",2014,2014,0.59,1.16389968066525
"cpi",2014,2014,0.6,1.19217275659911
"cpi",2014,2014,0.61,1.22063189876615
"cpi",2014,2014,0.62,1.24929904167461
"cpi",2014,2014,0.63,1.2781971770511
"cpi",2014,2014,0.64,1.30735050354894
"cpi",2014,2014,0.65,1.33678459399176
"cpi",2014,2014,0.66,1.36652658340344
"cpi",2014,2014,0.67,1.3966053817122
"cpi",2014,2014,0.68,1.42705191581156
"cpi",2014,2014,0.69,1.45789940665735
"cpi",2014,2014,0.7,1.48918368833589
"cpi",2014,2014,0.71,1.52094357763244
"cpi",2014,2014,0.72,1.55322130466481
"cpi",2014,2014,0.73,1.5860630177678
"cpi",2014,2014,0.74,1.61951937921474
"cpi",2014,2014,0.75,1.65364627281449
"cpi",2014,2014,0.76,1.68850565030572
"cpi",2014,2014,0.77,1.7241665513264
"cpi",2014,2014,0.78,1.76070634234156
"cpi",2014,2014,0.79,1.79821223440271
"cpi",2014,2014,0.8,1.83678315966879
"cpi",2014,2014,0.81,1.87653211477504
"cpi",2014,2014,0.82,1.91758911928069
"cpi",2014,2014,0.83,1.96010499564058
"cpi",2014,2014,0.84,2.00425626315715
"cpi",2014,2014,0.85,2.05025156810911
"cpi",2014,2014,0.86,2.09834027251842
"cpi",2014,2014,0.87,2.1488241412465
"cpi",2014,2014,0.88,2.20207358450892
"cpi",2014,2014,0.89,2.25855078532198
"cpi",2014,2014,0.9,2.31884356984547
"cpi",2014,2014,0.91,2.38371667829936
"cpi",2014,2014,0.92,2.45419249901474
"cpi",2014,2014,0.93,2.5316844408317
"cpi",2014,2014,0.94,2.618230799646
"cpi",2014,2014,0.95,2.7169373770056
"cpi",2014,2014,0.96,2.83290490141098
"cpi",2014,2014,0.97,2.97547223093234
"cpi",2014,2014,0.98,3.16499065691208
"cpi",2014,2014,0.99,3.46369515297566
"cpi",2014,2015,0.01,-5.52742509026276
"cpi",2014,2015,0.02,-4.51212729752194
"cpi",2014,2015,0.03,-3.86795339951681
"cpi",2014,2015,0.04,-3.38336646866199
"cpi",2014,2015,0.05,-2.98919238320284
"cpi",2014,2015,0.06,-2.65368832670927
"cpi",2014,2015,0.07,-2.35951690233538
"cpi",2014,2015,0.08,-2.09612147803212
"cpi",2014,2015,0.09,-1.85657387778879
"cpi",2014,2015,0.1,-1.63606991922951
"cpi",2014,2015,0.11,-1.43113450027329
"cpi",2014,2015,0.12,-1.23916826581303
"cpi",2014,2015,0.13,-1.05817319234919
"cpi",2014,2015,0.14,-0.88657831793616
"cpi",2014,2015,0.15,-0.723124616750011
"cpi",2014,2015,0.16,-0.566786388803725
"cpi",2014,2015,0.17,-0.416716051574042
"cpi",2014,2015,0.18,-0.272204415514029
"cpi",2014,2015,0.19,-0.132651490799198
"cpi",2014,2015,0.2,0.00245536870565166
"cpi",2014,2015,0.21,0.133558100009305
"cpi",2014,2015,0.22,0.261040779132941
"cpi",2014,2015,0.23,0.385239676885734
"cpi",2014,2015,0.24,0.506451223985251
"cpi",2014,2015,0.25,0.624938389359658
"cpi",2014,2015,0.26,0.740935839018214
"cpi",2014,2015,0.27,0.854654147171801
"cpi",2014,2015,0.28,0.966283263113172
"cpi",2014,2015,0.29,1.07599538811473
"cpi",2014,2015,0.3,1.18394738055349
"cpi",2014,2015,0.31,1.29028278077105
"cpi",2014,2015,0.32,1.39513352717782
"cpi",2014,2015,0.33,1.49862141997843
"cpi",2014,2015,0.34,1.60085937733638
"cpi",2014,2015,0.35,1.70195251988811
"cpi",2014,2015,0.36,1.80199911259679
"cpi",2014,2015,0.37,1.90109138751858
"cpi",2014,2015,0.38,1.99931626678466
"cpi",2014,2015,0.39,2.09675600171569
"cpi",2014,2015,0.4,2.19348874128364
"cpi",2014,2015,0.41,2.28958904097088
"cpi",2014,2015,0.42,2.38512832133292
"cpi",2014,2015,0.43,2.48017528416416
"cpi",2014,2015,0.44,2.57479629302736
"cpi",2014,2015,0.45,2.66905572398617
"cpi",2014,2015,0.46,2.76301629163631
"cpi",2014,2015,0.47,2.85673935493294
"cpi",2014,2015,0.48,2.95028520683633
"cpi",2014,2015,0.49,3.04371335142572
"cpi",2014,2015,0.5,3.13708277184901
"cpi",2014,2015,0.51,3.23045219227231
"cpi",2014,2015,0.52,3.3238803368617
"cpi",2014,2015,0.53,3.41742618876508
"cpi",2014,2015,0.54,3.51114925206172
"cpi",2014,2015,0.55,3.60510981971186
"cpi",2014,2015,0.56,3.69936925067067
"cpi",2014,2015,0.57,3.79399025953387
"cpi",2014,2015,0.58,3.88903722236511
"cpi",2014,2015,0.59,3.98457650272714
"cpi",2014,2015,0.6,4.08067680241438
"cpi",2014,2015,0.61,4.17740954198234
"cpi",2014,2015,0.62,4.27484927691336
"cpi",2014,2015,0.63,4.37307415617945
"cpi",2014,2015,0.64,4.47216643110123
"cpi",2014,2015,0.65,4.57221302380992
"cpi",2014,2015,0.66,4.67330616636165
"cpi",2014,2015,0.67,4.7755441237196
"cpi",2014,2015,0.68,4.87903201652021
"cpi",2014,2015,0.69,4.98388276292698
"cpi",2014,2015,0.7,5.09021816314454
"cpi",2014,2015,0.71,5.19817015558329
"cpi",2014,2015,0.72,5.30788228058485
"cpi",2014,2015,0.73,5.41951139652623
"cpi",2014,2015,0.74,5.53322970467981
"cpi",2014,2015,0.75,5.64922715433837
"cpi",2014,2015,0.76,5.76771431971278
"cpi",2014,2015,0.77,5.88892586681229
"cpi",2014,2015,0.78,6.01312476456508
"cpi",2014,2015,0.79,6.14060744368872
"cpi",2014,2015,0.8,6.27171017499237
"cpi",2014,2015,0.81,6.40681703449722
"cpi",2014,2015,0.82,6.54636995921206
"cpi",2014,2015,0.83,6.69088159527207
"cpi",2014,2015,0.84,6.84095193250175
"cpi",2014,2015,0.85,6.99729016044804
"cpi",2014,2015,0.86,7.16074386163419
"cpi",2014,2015,0.87,7.33233873604721
"cpi",2014,2015,0.88,7.51333380951106
"cpi",2014,2015,0.89,7.70530004397132
"cpi",2014,2015,0.9,7.91023546292754
"cpi",2014,2015,0.91,8.13073942148682
"cpi",2014,2015,0.92,8.37028702173014
"cpi",2014,2015,0.93,8.6336824460334
"cpi",2014,2015,0.94,8.9278538704073
"cpi",2014,2015,0.95,9.26335792690086
"cpi",2014,2015,0.96,9.65753201236002
"cpi",2014,2015,0.97,10.1421189432148
"cpi",2014,2015,0.98,10.78629284122
"cpi",2014,2015,0.99,11.8015906339608
"gdp",2014,2014,0.01,-1.83228995841085
"gdp",2014,2014,0.02,-1.52300021997107
"gdp",2014,2014,0.03,-1.32676579707736
"gdp",2014,2014,0.04,-1.17914628468698
"gdp",2014,2014,0.05,-1.05906919926134
"gdp",2014,2014,0.06,-0.956864740017654
"gdp",2014,2014,0.07,-0.867251423066134
"gdp",2014,2014,0.08,-0.787013386037534
"gdp",2014,2014,0.09,-0.714040101595409
"gdp",2014,2014,0.1,-0.64686807368857
"gdp",2014,2014,0.11,-0.584438683435579
"gdp",2014,2014,0.12,-0.525960090386335
"gdp",2014,2014,0.13,-0.470823637484764
"gdp",2014,2014,0.14,-0.418550763255871
"gdp",2014,2014,0.15,-0.368757931193855
"gdp",2014,2014,0.16,-0.32113268274422
"gdp",2014,2014,0.17,-0.275416819200342
"gdp",2014,2014,0.18,-0.231394300449612
"gdp",2014,2014,0.19,-0.188882351844819
"gdp",2014,2014,0.2,-0.147724806209985
"gdp",2014,2014,0.21,-0.107787036460494
"gdp",2014,2014,0.22,-0.0689520416799841
"gdp",2014,2014,0.23,-0.0311173838336655
"gdp",2014,2014,0.24,0.00580723864294619
"gdp",2014,2014,0.25,0.041901933863541
"gdp",2014,2014,0.26,0.0772381880355582
"gdp",2014,2014,0.27,0.111880148292057
"gdp",2014,2014,0.28,0.145885678805985
"gdp",2014,2014,0.29,0.179307237178336
"gdp",2014,2014,0.3,0.212192607110349
"gdp",2014,2014,0.31,0.244585515235753
"gdp",2014,2014,0.32,0.276526153896871
"gdp",2014,2014,0.33,0.308051627038679
"gdp",2014,2014,0.34,0.339196332873698
"gdp",2014,2014,0.35,0.369992294257083
"gdp",2014,2014,0.36,0.400469445603122
"gdp",2014,2014,0.37,0.430655883524185
"gdp",2014,2014,0.38,0.460578087072442
"gdp",2014,2014,0.39,0.490261112433014
"gdp",2014,2014,0.4,0.519728766094283
"gdp",2014,2014,0.41,0.549003759861397
"gdp",2014,2014,0.42,0.578107850548062
"gdp",2014,2014,0.43,0.607061966752937
"gdp",2014,2014,0.44,0.635886324780157
"gdp",2014,2014,0.45,0.664600535482845
"gdp",2014,2014,0.46,0.693223703581847
"gdp",2014,2014,0.47,0.721774520829799
"gdp",2014,2014,0.48,0.750271354245758
"gdp",2014,2014,0.49,0.778732330532292
"gdp",2014,2014,0.5,0.807175417700874
"gdp",2014,2014,0.51,0.835618504869456
"gdp",2014,2014,0.52,0.86407948115599
"gdp",2014,2014,0.53,0.892576314571948
"gdp",2014,2014,0.54,0.9211271318199
"gdp",2014,2014,0.55,0.949750299918902
"gdp",2014,2014,0.56,0.978464510621591
"gdp",2014,2014,0.57,1.00728886864881
"gdp",2014,2014,0.58,1.03624298485369
"gdp",2014,2014,0.59,1.06534707554035
"gdp",2014,2014,0.6,1.09462206930746
"gdp",2014,2014,0.61,1.12408972296873
"gdp",2014,2014,0.62,1.15377274832931
"gdp",2014,2014,0.63,1.18369495187756
"gdp",2014,2014,0.64,1.21388138979863
"gdp",2014,2014,0.65,1.24435854114466
"gdp",2014,2014,0.66,1.27515450252805
"gdp",2014,2014,0.67,1.30629920836307
"gdp",2014,2014,0.68,1.33782468150488
"gdp",2014,2014,0.69,1.36976532016599
"gdp",2014,2014,0.7,1.4021582282914
"gdp",2014,2014,0.71,1.43504359822341
"gdp",2014,2014,0.72,1.46846515659576
"gdp",2014,2014,0.73,1.50247068710969
"gdp",2014,2014,0.74,1.53711264736619
"gdp",2014,2014,0.75,1.57244890153821
"gdp",2014,2014,0.76,1.6085435967588
"gdp",2014,2014,0.77,1.64546821923541
"gdp",2014,2014,0.78,1.68330287708173
"gdp",2014,2014,0.79,1.72213787186224
"gdp",2014,2014,0.8,1.76207564161173
"gdp",2014,2014,0.81,1.80323318724657
"gdp",2014,2014,0.82,1.84574513585136
"gdp",2014,2014,0.83,1.88976765460209
"gdp",2014,2014,0.84,1.93548351814597
"gdp",2014,2014,0.85,1.9831087665956
"gdp",2014,2014,0.86,2.03290159865762
"gdp",2014,2014,0.87,2.08517447288651
"gdp",2014,2014,0.88,2.14031092578808
"gdp",2014,2014,0.89,2.19878951883733
"gdp",2014,2014,0.9,2.26121890909032
"gdp",2014,2014,0.91,2.32839093699716
"gdp",2014,2014,0.92,2.40136422143928
"gdp",2014,2014,0.93,2.48160225846788
"gdp",2014,2014,0.94,2.5712155754194
"gdp",2014,2014,0.95,2.67342003466309
"gdp",2014,2014,0.96,2.79349712008873
"gdp",2014,2014,0.97,2.94111663247911
"gdp",2014,2014,0.98,3.13735105537281
"gdp",2014,2014,0.99,3.4466407938126
"gdp",2014,2015,0.01,-3.39316855497669
"gdp",2014,2015,0.02,-2.72340356423233
"gdp",2014,2015,0.03,-2.2984591509578
"gdp",2014,2015,0.04,-1.97879002178274
"gdp",2014,2015,0.05,-1.71876384563345
"gdp",2014,2015,0.06,-1.49744072950069
"gdp",2014,2015,0.07,-1.30338365311213
"gdp",2014,2015,0.08,-1.12962868665608
"gdp",2014,2015,0.09,-0.971605496408923
"gdp",2014,2015,0.1,-0.826144890841299
"gdp",2014,2015,0.11,-0.690954437398207
"gdp",2014,2015,0.12,-0.564319410546209
"gdp",2014,2015,0.13,-0.444921767243902
"gdp",2014,2015,0.14,-0.331725185615601
"gdp",2014,2015,0.15,-0.223899119761029
"gdp",2014,2015,0.16,-0.12076694263813
"gdp",2014,2015,0.17,-0.0217695265654445
"gdp",2014,2015,0.18,0.0735609619672877
"gdp",2014,2015,0.19,0.165620320313433
"gdp",2014,2015,0.2,0.254746727514109
"gdp",2014,2015,0.21,0.341231717677549
"gdp",2014,2015,0.22,0.425328655555069
"gdp",2014,2015,0.23,0.507259370069185
"gdp",2014,2015,0.24,0.587219408692003
"gdp",2014,2015,0.25,0.665382245041804
"gdp",2014,2015,0.26,0.741902682052904
"gdp",2014,2015,0.27,0.816919629940029
"gdp",2014,2015,0.28,0.890558393207153
"gdp",2014,2015,0.29,0.962932568460553
"gdp",2014,2015,0.3,1.03414563100588
"gdp",2014,2015,0.31,1.1042922705945
"gdp",2014,2015,0.32,1.17345952349189
"gdp",2014,2015,0.33,1.24172773805842
"gdp",2014,2015,0.34,1.30917140340779
"gdp",2014,2015,0.35,1.3758598648322
"gdp",2014,2015,0.36,1.44185794511823
"gdp",2014,2015,0.37,1.50722648730393
"gdp",2014,2015,0.38,1.57202283161087
"gdp",2014,2015,0.39,1.63630123705095
"gdp",2014,2015,0.4,1.70011325642559
"gdp",2014,2015,0.41,1.76350807200655
"gdp",2014,2015,0.42,1.82653279803758
"gdp",2014,2015,0.43,1.88923275526796
"gdp",2014,2015,0.44,1.95165172197762
"gdp",2014,2015,0.45,2.01383216534613
"gdp",2014,2015,0.46,2.07581545652679
"gdp",2014,2015,0.47,2.13764207239281
"gdp",2014,2015,0.48,2.19935178660888
"gdp",2014,2015,0.49,2.26098385243584
"gdp",2014,2015,0.5,2.32257717948997
"gdp",2014,2015,0.51,2.38417050654409
"gdp",2014,2015,0.52,2.44580257237106
"gdp",2014,2015,0.53,2.50751228658713
"gdp",2014,2015,0.54,2.56933890245315
"gdp",2014,2015,0.55,2.6313221936338
"gdp",2014,2015,0.56,2.69350263700232
"gdp",2014,2015,0.57,2.75592160371198
"gdp",2014,2015,0.58,2.81862156094235
"gdp",2014,2015,0.59,2.88164628697339
"gdp",2014,2015,0.6,2.94504110255434
"gdp",2014,2015,0.61,3.00885312192898
"gdp",2014,2015,0.62,3.07313152736906
"gdp",2014,2015,0.63,3.137927871676
"gdp",2014,2015,0.64,3.20329641386171
"gdp",2014,2015,0.65,3.26929449414774
"gdp",2014,2015,0.66,3.33598295557214
"gdp",2014,2015,0.67,3.40342662092151
"gdp",2014,2015,0.68,3.47169483548805
"gdp",2014,2015,0.69,3.54086208838544
"gdp",2014,2015,0.7,3.61100872797406
"gdp",2014,2015,0.71,3.68222179051938
"gdp",2014,2015,0.72,3.75459596577278
"gdp",2014,2015,0.73,3.8282347290399
"gdp",2014,2015,0.74,3.90325167692703
"gdp",2014,2015,0.75,3.97977211393813
"gdp",2014,2015,0.76,4.05793495028793
"gdp",2014,2015,0.77,4.13789498891075
"gdp",2014,2015,0.78,4.21982570342486
"gdp",2014,2015,0.79,4.30392264130238
"gdp",2014,2015,0.8,4.39040763146582
"gdp",2014,2015,0.81,4.4795340386665
"gdp",2014,2015,0.82,4.57159339701264
"gdp",2014,2015,0.83,4.66692388554538
"gdp",2014,2015,0.84,4.76592130161806
"gdp",2014,2015,0.85,4.86905347874096
"gdp",2014,2015,0.86,4.97687954459553
"gdp",2014,2015,0.87,5.09007612622383
"gdp",2014,2015,0.88,5.20947376952614
"gdp",2014,2015,0.89,5.33610879637814
"gdp",2014,2015,0.9,5.47129924982123
"gdp",2014,2015,0.91,5.61675985538885
"gdp",2014,2015,0.92,5.77478304563602
"gdp",2014,2015,0.93,5.94853801209207
"gdp",2014,2015,0.94,6.14259508848062
"gdp",2014,2015,0.95,6.36391820461338
"gdp",2014,2015,0.96,6.62394438076268
"gdp",2014,2015,0.97,6.94361350993773
"gdp",2014,2015,0.98,7.36855792321226
"gdp",2014,2015,0.99,8.03832291395662
"cpi",2015,2015,0.01,-2.53822822090609
"cpi",2015,2015,0.02,-2.24095973950991
"cpi",2015,2015,0.03,-2.05235241879655
"cpi",2015,2015,0.04,-1.91047047827664
"cpi",2015,2015,0.05,-1.79506046495055
"cpi",2015,2015,0.06,-1.69682841708323
"cpi",2015,2015,0.07,-1.61069812780356
"cpi",2015,2015,0.08,-1.53357872662968
"cpi",2015,2015,0.09,-1.46344171672424
"cpi",2015,2015,0.1,-1.39888048417609
"cpi",2015,2015,0.11,-1.33887755576142
"cpi",2015,2015,0.12,-1.28267186773042
"cpi",2015,2015,0.13,-1.22967841988342
"cpi",2015,2015,0.14,-1.17943725113782
"cpi",2015,2015,0.15,-1.13157973201624
"cpi",2015,2015,0.16,-1.08580554838456
"cpi",2015,2015,0.17,-1.04186653702273
"cpi",2015,2015,0.18,-0.999555054714005
"cpi",2015,2015,0.19,-0.958695430768223
"cpi",2015,2015,0.2,-0.919137567805877
"cpi",2015,2015,0.21,-0.880752071333634
"cpi",2015,2015,0.22,-0.843426487944847
"cpi",2015,2015,0.23,-0.807062361094552
"cpi",2015,2015,0.24,-0.77157289899626
"cpi",2015,2015,0.25,-0.736881107122366
"cpi",2015,2015,0.26,-0.702918277741301
"cpi",2015,2015,0.27,-0.669622756945868
"cpi",2015,2015,0.28,-0.636938929587287
"cpi",2015,2015,0.29,-0.604816376949879
"cpi",2015,2015,0.3,-0.573209172555853
"cpi",2015,2015,0.31,-0.542075289307672
"cpi",2015,2015,0.32,-0.511376097030839
"cpi",2015,2015,0.33,-0.481075933910537
"cpi",2015,2015,0.34,-0.451141738699889
"cpi",2015,2015,0.35,-0.421542733185659
"cpi",2015,2015,0.36,-0.392250146423418
"cpi",2015,2015,0.37,-0.363236973840257
"cpi",2015,2015,0.38,-0.33447776555327
"cpi",2015,2015,0.39,-0.305948439243598
"cpi",2015,2015,0.4,-0.277626113716788
"cpi",2015,2015,0.41,-0.249488959914232
"cpi",2015,2015,0.42,-0.221516066650831
"cpi",2015,2015,0.43,-0.193687318766047
"cpi",2015,2015,0.44,-0.165983285708903
"cpi",2015,2015,0.45,-0.138385118847187
"cpi",2015,2015,0.46,-0.110874456008968
"cpi",2015,2015,0.47,-0.0834333319395684
"cpi",2015,2015,0.48,-0.0560440934963701
"cpi",2015,2015,0.49,-0.0286893185127909
"cpi",2015,2015,0.5,-0.00135173734544964
"cpi",2015,2015,0.51,0.0259858438218916
"cpi",2015,2015,0.52,0.0533406188054709
"cpi",2015,2015,0.53,0.0807298572486693
"cpi",2015,2015,0.54,0.108170981318069
"cpi",2015,2015,0.55,0.135681644156288
"cpi",2015,2015,0.56,0.163279811018004
"cpi",2015,2015,0.57,0.190983844075148
"cpi",2015,2015,0.58,0.218812591959932
"cpi",2015,2015,0.59,0.246785485223333
"cpi",2015,2015,0.6,0.274922639025889
"cpi",2015,2015,0.61,0.303244964552699
"cpi",2015,2015,0.62,0.331774290862371
"cpi",2015,2015,0.63,0.360533499149358
"cpi",2015,2015,0.64,0.389546671732519
"cpi",2015,2015,0.65,0.41883925849476
"cpi",2015,2015,0.66,0.44843826400899
"cpi",2015,2015,0.67,0.478372459219638
"cpi",2015,2015,0.68,0.50867262233994
"cpi",2015,2015,0.69,0.539371814616773
"cpi",2015,2015,0.7,0.570505697864955
"cpi",2015,2015,0.71,0.60211290225898
"cpi",2015,2015,0.72,0.634235454896388
"cpi",2015,2015,0.73,0.666919282254969
"cpi",2015,2015,0.74,0.700214803050402
"cpi",2015,2015,0.75,0.734177632431467
"cpi",2015,2015,0.76,0.76886942430536
"cpi",2015,2015,0.77,0.804358886403652
"cpi",2015,2015,0.78,0.840723013253947
"cpi",2015,2015,0.79,0.878048596642735
"cpi",2015,2015,0.8,0.916434093114978
"cpi",2015,2015,0.81,0.955991956077323
"cpi",2015,2015,0.82,0.996851580023106
"cpi",2015,2015,0.83,1.03916306233183
"cpi",2015,2015,0.84,1.08310207369366
"cpi",2015,2015,0.85,1.12887625732534
"cpi",2015,2015,0.86,1.17673377644692
"cpi",2015,2015,0.87,1.22697494519252
"cpi",2015,2015,0.88,1.27996839303952
"cpi",2015,2015,0.89,1.33617408107052
"cpi",2015,2015,0.9,1.39617700948519
"cpi",2015,2015,0.91,1.46073824203334
"cpi",2015,2015,0.92,1.53087525193878
"cpi",2015,2015,0.93,1.60799465311266
"cpi",2015,2015,0.94,1.69412494239233
"cpi",2015,2015,0.95,1.79235699025965
"cpi",2015,2015,0.96,1.90776700358574
"cpi",2015,2015,0.97,2.04964894410565
"cpi",2015,2015,0.98,2.23825626481901
"cpi",2015,2015,0.99,2.53552474621519
"cpi",2015,2016,0.01,-6.42457816217287
"cpi",2015,2016,0.02,-5.40851302736653
"cpi",2015,2016,0.03,-4.7638522754226
"cpi",2015,2016,0.04,-4.27889910331412
"cpi",2015,2016,0.05,-3.8844271088483
"cpi",2015,2016,0.06,-3.54866948499987
"cpi",2015,2016,0.07,-3.25427573166002
"cpi",2015,2016,0.08,-2.99068123828522
"cpi",2015,2016,0.09,-2.75095259268587
"cpi",2015,2016,0.1,-2.5302819815797
"cpi",2015,2016,0.11,-2.32519167647204
"cpi",2015,2016,0.12,-2.13308035771443
"cpi",2015,2016,0.13,-1.95194849174053
"cpi",2015,2016,0.14,-1.78022392930266
"cpi",2015,2016,0.15,-1.61664669302998
"cpi",2015,2016,0.16,-1.46019030773162
"cpi",2015,2016,0.17,-1.31000655029817
"cpi",2015,2016,0.18,-1.16538569519119
"cpi",2015,2016,0.19,-1.02572729912572
"cpi",2015,2016,0.2,-0.890518328518711
"cpi",2015,2016,0.21,-0.75931651235409
"cpi",2015,2016,0.22,-0.631737484333592
"cpi",2015,2016,0.23,-0.507444719501191
"cpi",2015,2016,0.24,-0.386141563102824
"cpi",2015,2016,0.25,-0.267564847463592
"cpi",2015,2016,0.26,-0.151479729218289
"cpi",2015,2016,0.27,-0.0376754750081956
"cpi",2015,2016,0.28,0.0740380080193752
"cpi",2015,2016,0.29,0.183833051283158
"cpi",2015,2016,0.3,0.291866631710631
"cpi",2015,2016,0.31,0.398282398128358
"cpi",2015,2016,0.32,0.503212388663195
"cpi",2015,2016,0.33,0.606778495573981
"cpi",2015,2016,0.34,0.709093722365521
"cpi",2015,2016,0.35,0.810263269122376
"cpi",2015,2016,0.36,0.910385475074432
"cpi",2015,2016,0.37,1.00955264198501
"cpi",2015,2016,0.38,1.10785175767934
"cpi",2015,2016,0.39,1.205365135642
"cpi",2015,2016,0.4,1.30217098390842
"cpi",2015,2016,0.41,1.39834391430853
"cpi",2015,2016,0.42,1.49395540137608
"cpi",2015,2016,0.43,1.58907419882895
"cpi",2015,2016,0.44,1.68376672038616
"cpi",2015,2016,0.45,1.77809739076552
"cpi",2015,2016,0.46,1.87212897196122
"cpi",2015,2016,0.47,1.9659228693023
"cpi",2015,2016,0.48,2.05953942131726
"cpi",2015,2016,0.49,2.15303817705734
"cpi",2015,2016,0.5,2.24647816424877
"cpi",2015,2016,0.51,2.3399181514402
"cpi",2015,2016,0.52,2.43341690718028
"cpi",2015,2016,0.53,2.52703345919524
"cpi",2015,2016,0.54,2.62082735653632
"cpi",2015,2016,0.55,2.71485893773202
"cpi",2015,2016,0.56,2.80918960811138
"cpi",2015,2016,0.57,2.90388212966859
"cpi",2015,2016,0.58,2.99900092712146
"cpi",2015,2016,0.59,3.09461241418901
"cpi",2015,2016,0.6,3.19078534458912
"cpi",2015,2016,0.61,3.28759119285554
"cpi",2015,2016,0.62,3.3851045708182
"cpi",2015,2016,0.63,3.48340368651253
"cpi",2015,2016,0.64,3.58257085342311
"cpi",2015,2016,0.65,3.68269305937516
"cpi",2015,2016,0.66,3.78386260613202
"cpi",2015,2016,0.67,3.88617783292356
"cpi",2015,2016,0.68,3.98974393983434
"cpi",2015,2016,0.69,4.09467393036918
"cpi",2015,2016,0.7,4.20108969678691
"cpi",2015,2016,0.71,4.30912327721438
"cpi",2015,2016,0.72,4.41891832047816
"cpi",2015,2016,0.73,4.53063180350573
"cpi",2015,2016,0.74,4.64443605771583
"cpi",2015,2016,0.75,4.76052117596113
"cpi",2015,2016,0.76,4.87909789160036
"cpi",2015,2016,0.77,5.00040104799873
"cpi",2015,2016,0.78,5.12469381283113
"cpi",2015,2016,0.79,5.25227284085163
"cpi",2015,2016,0.8,5.38347465701625
"cpi",2015,2016,0.81,5.51868362762326
"cpi",2015,2016,0.82,5.65834202368873
"cpi",2015,2016,0.83,5.80296287879571
"cpi",2015,2016,0.84,5.95314663622916
"cpi",2015,2016,0.85,6.10960302152752
"cpi",2015,2016,0.86,6.2731802578002
"cpi",2015,2016,0.87,6.44490482023807
"cpi",2015,2016,0.88,6.62603668621197
"cpi",2015,2016,0.89,6.81814800496958
"cpi",2015,2016,0.9,7.02323831007723
"cpi",2015,2016,0.91,7.24390892118341
"cpi",2015,2016,0.92,7.48363756678276
"cpi",2015,2016,0.93,7.74723206015756
"cpi",2015,2016,0.94,8.04162581349741
"cpi",2015,2016,0.95,8.37738343734584
"cpi",2015,2016,0.96,8.77185543181167
"cpi",2015,2016,0.97,9.25680860392014
"cpi",2015,2016,0.98,9.90146935586407
"cpi",2015,2016,0.99,10.9175344906704
"gdp",2015,2015,0.01,-1.72461649555608
"gdp",2015,2015,0.02,-1.41705853449072
"gdp",2015,2015,0.03,-1.22192286881854
"gdp",2015,2015,0.04,-1.07512990868584
"gdp",2015,2015,0.05,-0.955725159758576
"gdp",2015,2015,0.06,-0.854092964473525
"gdp",2015,2015,0.07,-0.764981411064266
"gdp",2015,2015,0.08,-0.685192643441746
"gdp",2015,2015,0.09,-0.612627951549677
"gdp",2015,2015,0.1,-0.545832033754705
"gdp",2015,2015,0.11,-0.483752198602008
"gdp",2015,2015,0.12,-0.425601039320345
"gdp",2015,2015,0.13,-0.3707733068507
"gdp",2015,2015,0.14,-0.318793119283004
"gdp",2015,2015,0.15,-0.269279087611874
"gdp",2015,2015,0.16,-0.221920502803047
"gdp",2015,2015,0.17,-0.176460611857993
"gdp",2015,2015,0.18,-0.132684584317488
"gdp",2015,2015,0.19,-0.0904106689274674
"gdp",2015,2015,0.2,-0.0494835729243519
"gdp",2015,2015,0.21,-0.00976942302848616
"gdp",2015,2015,0.22,0.0288481265641025
"gdp",2015,2015,0.23,0.0664709403164067
"gdp",2015,2015,0.24,0.103188814175728
"gdp",2015,2015,0.25,0.139081407713818
"gdp",2015,2015,0.26,0.174219806872018
"gdp",2015,2015,0.27,0.208667799610289
"gdp",2015,2015,0.28,0.242482926108078
"gdp",2015,2015,0.29,0.275717350245392
"gdp",2015,2015,0.3,0.308418588172621
"gdp",2015,2015,0.31,0.340630121689004
"gdp",2015,2015,0.32,0.372391918091606
"gdp",2015,2015,0.33,0.403740873572722
"gdp",2015,2015,0.34,0.43471119374215
"gdp",2015,2015,0.35,0.465334722152437
"gdp",2015,2015,0.36,0.49564122560888
"gdp",2015,2015,0.37,0.525658643405091
"gdp",2015,2015,0.38,0.555413306331536
"gdp",2015,2015,0.39,0.584930130278562
"gdp",2015,2015,0.4,0.614232788437084
"gdp",2015,2015,0.41,0.643343865444145
"gdp",2015,2015,0.42,0.67228499629254
"gdp",2015,2015,0.43,0.701076992397365
"gdp",2015,2015,0.44,0.729739956867475
"gdp",2015,2015,0.45,0.758293390750763
"gdp",2015,2015,0.46,0.786756291796779
"gdp",2015,2015,0.47,0.815147247099161
"gdp",2015,2015,0.48,0.843484520836219
"gdp",2015,2015,0.49,0.871786138215354
"gdp",2015,2015,0.5,0.900069966641418
"gdp",2015,2015,0.51,0.928353795067482
"gdp",2015,2015,0.52,0.956655412446617
"gdp",2015,2015,0.53,0.984992686183675
"gdp",2015,2015,0.54,1.01338364148606
"gdp",2015,2015,0.55,1.04184654253207
"gdp",2015,2015,0.56,1.07039997641536
"gdp",2015,2015,0.57,1.09906294088547
"gdp",2015,2015,0.58,1.1278549369903
"gdp",2015,2015,0.59,1.15679606783869
"gdp",2015,2015,0.6,1.18590714484575
"gdp",2015,2015,0.61,1.21520980300427
"gdp",2015,2015,0.62,1.2447266269513
"gdp",2015,2015,0.63,1.27448128987775
"gdp",2015,2015,0.64,1.30449870767396
"gdp",2015,2015,0.65,1.3348052111304
"gdp",2015,2015,0.66,1.36542873954069
"gdp",2015,2015,0.67,1.39639905971011
"gdp",2015,2015,0.68,1.42774801519123
"gdp",2015,2015,0.69,1.45950981159383
"gdp",2015,2015,0.7,1.49172134511022
"gdp",2015,2015,0.71,1.52442258303744
"gdp",2015,2015,0.72,1.55765700717476
"gdp",2015,2015,0.73,1.59147213367255
"gdp",2015,2015,0.74,1.62592012641082
"gdp",2015,2015,0.75,1.66105852556902
"gdp",2015,2015,0.76,1.69695111910711
"gdp",2015,2015,0.77,1.73366899296643
"gdp",2015,2015,0.78,1.77129180671873
"gdp",2015,2015,0.79,1.80990935631132
"gdp",2015,2015,0.8,1.84962350620719
"gdp",2015,2015,0.81,1.8905506022103
"gdp",2015,2015,0.82,1.93282451760032
"gdp",2015,2015,0.83,1.97660054514083
"gdp",2015,2015,0.84,2.02206043608588
"gdp",2015,2015,0.85,2.06941902089471
"gdp",2015,2015,0.86,2.11893305256584
"gdp",2015,2015,0.87,2.17091324013354
"gdp",2015,2015,0.88,2.22574097260318
"gdp",2015,2015,0.89,2.28389213188484
"gdp",2015,2015,0.9,2.34597196703754
"gdp",2015,2015,0.91,2.41276788483251
"gdp",2015,2015,0.92,2.48533257672458
"gdp",2015,2015,0.93,2.5651213443471
"gdp",2015,2015,0.94,2.65423289775636
"gdp",2015,2015,0.95,2.75586509304141
"gdp",2015,2015,0.96,2.87526984196867
"gdp",2015,2015,0.97,3.02206280210138
"gdp",2015,2015,0.98,3.21719846777356
"gdp",2015,2015,0.99,3.52475642883891
"gdp",2015,2016,0.01,-3.35881277172819
"gdp",2015,2016,0.02,-2.69156927863198
"gdp",2015,2016,0.03,-2.2682246747734
"gdp",2015,2016,0.04,-1.94975901990431
"gdp",2015,2016,0.05,-1.69071177726256
"gdp",2015,2016,0.06,-1.47022188729796
"gdp",2015,2016,0.07,-1.27689538725855
"gdp",2015,2016,0.08,-1.10379456478633
"gdp",2015,2016,0.09,-0.946366292320874
"gdp",2015,2016,0.1,-0.801453309546178
"gdp",2015,2016,0.11,-0.666771814342348
"gdp",2015,2016,0.12,-0.540613536688641
"gdp",2015,2016,0.13,-0.421665395645994
"gdp",2015,2016,0.14,-0.308894970831349
"gdp",2015,2016,0.15,-0.201474843141982
"gdp",2015,2016,0.16,-0.0987309328673911
"gdp",2015,2016,0.17,-0.000106217301972134
"gdp",2015,2016,0.18,0.0948653757883982
"gdp",2015,2016,0.19,0.186578153679059
"gdp",2015,2016,0.2,0.275369022251634
"gdp",2015,2016,0.21,0.361528418061367
"gdp",2015,2016,0.22,0.445308752004665
"gdp",2015,2016,0.23,0.526931017873639
"gdp",2015,2016,0.24,0.60659002695308
"gdp",2015,2016,0.25,0.684458599776493
"gdp",2015,2016,0.26,0.760690956483867
"gdp",2015,2016,0.27,0.83542548432772
"gdp",2015,2016,0.28,0.908787016071911
"gdp",2015,2016,0.29,0.980888720659914
"gdp",2015,2016,0.3,1.05183368383873
"gdp",2015,2016,0.31,1.12171623887652
"gdp",2015,2016,0.32,1.19062309436897
"gdp",2015,2016,0.33,1.25863429618498
"gdp",2015,2016,0.34,1.32582405300537
"gdp",2015,2016,0.35,1.39226144905466
"gdp",2015,2016,0.36,1.45801106307786
"gdp",2015,2016,0.37,1.52313350905421
"gdp",2015,2016,0.38,1.58768591133367
"gdp",2015,2016,0.39,1.65172232465654
"gdp",2015,2016,0.4,1.71529410774084
"gdp",2015,2016,0.41,1.77845025769937
"gdp",2015,2016,0.42,1.84123771140256
"gdp",2015,2016,0.43,1.90370161897839
"gdp",2015,2016,0.44,1.96588559389252
"gdp",2015,2016,0.45,2.02783194344621
"gdp",2015,2016,0.46,2.08958188304072
"gdp",2015,2016,0.47,2.15117573716396
"gdp",2015,2016,0.48,2.21265312974272
"gdp",2015,2016,0.49,2.27405316625914
"gdp",2015,2016,0.5,2.3354146098445
"gdp",2015,2016,0.51,2.39677605342986
"gdp",2015,2016,0.52,2.45817608994628
"gdp",2015,2016,0.53,2.51965348252504
"gdp",2015,2016,0.54,2.58124733664828
"gdp",2015,2016,0.55,2.64299727624278
"gdp",2015,2016,0.56,2.70494362579648
"gdp",2015,2016,0.57,2.76712760071061
"gdp",2015,2016,0.58,2.82959150828644
"gdp",2015,2016,0.59,2.89237896198963
"gdp",2015,2016,0.6,2.95553511194816
"gdp",2015,2016,0.61,3.01910689503246
"gdp",2015,2016,0.62,3.08314330835533
"gdp",2015,2016,0.63,3.14769571063479
"gdp",2015,2016,0.64,3.21281815661113
"gdp",2015,2016,0.65,3.27856777063433
"gdp",2015,2016,0.66,3.34500516668362
"gdp",2015,2016,0.67,3.41219492350402
"gdp",2015,2016,0.68,3.48020612532003
"gdp",2015,2016,0.69,3.54911298081248
"gdp",2015,2016,0.7,3.61899553585026
"gdp",2015,2016,0.71,3.68994049902908
"gdp",2015,2016,0.72,3.76204220361709
"gdp",2015,2016,0.73,3.83540373536128
"gdp",2015,2016,0.74,3.91013826320513
"gdp",2015,2016,0.75,3.9863706199125
"gdp",2015,2016,0.76,4.06423919273592
"gdp",2015,2016,0.77,4.14389820181536
"gdp",2015,2016,0.78,4.22552046768433
"gdp",2015,2016,0.79,4.30930080162763
"gdp",2015,2016,0.8,4.39546019743736
"gdp",2015,2016,0.81,4.48425106600994
"gdp",2015,2016,0.82,4.5759638439006
"gdp",2015,2016,0.83,4.67093543699097
"gdp",2015,2016,0.84,4.76956015255639
"gdp",2015,2016,0.85,4.87230406283098
"gdp",2015,2016,0.86,4.97972419052035
"gdp",2015,2016,0.87,5.09249461533499
"gdp",2015,2016,0.88,5.21144275637764
"gdp",2015,2016,0.89,5.33760103403134
"gdp",2015,2016,0.9,5.47228252923517
"gdp",2015,2016,0.91,5.61719551200987
"gdp",2015,2016,0.92,5.77462378447532
"gdp",2015,2016,0.93,5.94772460694755
"gdp",2015,2016,0.94,6.14105110698696
"gdp",2015,2016,0.95,6.36154099695155
"gdp",2015,2016,0.96,6.62058823959331
"gdp",2015,2016,0.97,6.9390538944624
"gdp",2015,2016,0.98,7.36239849832097
"gdp",2015,2016,0.99,8.02964199141719
"cpi",2016,2016,0.01,-2.98137961186591
"cpi",2016,2016,0.02,-2.68499634992997
"cpi",2016,2016,0.03,-2.49695067258308
"cpi",2016,2016,0.04,-2.35549123448998
"cpi",2016,2016,0.05,-2.24042489429473
"cpi",2016,2016,0.06,-2.14248536623975
"cpi",2016,2016,0.07,-2.05661155961114
"cpi",2016,2016,0.08,-1.97972180806026
"cpi",2016,2016,0.09,-1.9097936552989
"cpi",2016,2016,0.1,-1.84542467609413
"cpi",2016,2016,0.11,-1.78560042709967
"cpi",2016,2016,0.12,-1.72956211089561
"cpi",2016,2016,0.13,-1.67672646932218
"cpi",2016,2016,0.14,-1.6266349109896
"cpi",2016,2016,0.15,-1.57891990414192
"cpi",2016,2016,0.16,-1.53328202893398
"cpi",2016,2016,0.17,-1.48947386113733
"cpi",2016,2016,0.18,-1.44728837586454
"cpi",2016,2016,0.19,-1.40655042554552
"cpi",2016,2016,0.2,-1.36711035976751
"cpi",2016,2016,0.21,-1.32883916935391
"cpi",2016,2016,0.22,-1.2916247357669
"cpi",2016,2016,0.23,-1.25536889564983
"cpi",2016,2016,0.24,-1.21998511566871
"cpi",2016,2016,0.25,-1.1853966305737
"cpi",2016,2016,0.26,-1.15153493723421
"cpi",2016,2016,0.27,-1.11833856533882
"cpi",2016,2016,0.28,-1.08575206535203
"cpi",2016,2016,0.29,-1.0537251686973
"cpi",2016,2016,0.3,-1.02221208565877
"cpi",2016,2016,0.31,-0.99117091428907
"cpi",2016,2016,0.32,-0.960563139448386
"cpi",2016,2016,0.33,-0.930353205517254
"cpi",2016,2016,0.34,-0.900508149700068
"cpi",2016,2016,0.35,-0.870997285436339
"cpi",2016,2016,0.36,-0.841791927457051
"cpi",2016,2016,0.37,-0.812865151604728
"cpi",2016,2016,0.38,-0.78419158378227
"cpi",2016,2016,0.39,-0.755747213384232
"cpi",2016,2016,0.4,-0.727509227352808
"cpi",2016,2016,0.41,-0.699455861632947
"cpi",2016,2016,0.42,-0.671566267309815
"cpi",2016,2016,0.43,-0.643820389122707
"cpi",2016,2016,0.44,-0.616198854381812
"cpi",2016,2016,0.45,-0.588682870583225
"cpi",2016,2016,0.46,-0.561254130234716
"cpi",2016,2016,0.47,-0.533894721579352
"cpi",2016,2016,0.48,-0.506587044042836
"cpi",2016,2016,0.49,-0.479313727339099
"cpi",2016,2016,0.5,-0.452057553251081
"cpi",2016,2016,0.51,-0.424801379163062
"cpi",2016,2016,0.52,-0.397528062459325
"cpi",2016,2016,0.53,-0.37022038492281
"cpi",2016,2016,0.54,-0.342860976267445
"cpi",2016,2016,0.55,-0.315432235918937
"cpi",2016,2016,0.56,-0.287916252120349
"cpi",2016,2016,0.57,-0.260294717379455
"cpi",2016,2016,0.58,-0.232548839192346
"cpi",2016,2016,0.59,-0.204659244869214
"cpi",2016,2016,0.6,-0.176605879149353
"cpi",2016,2016,0.61,-0.14836789311793
"cpi",2016,2016,0.62,-0.119923522719891
"cpi",2016,2016,0.63,-0.0912499548974334
"cpi",2016,2016,0.64,-0.0623231790451102
"cpi",2016,2016,0.65,-0.0331178210658222
"cpi",2016,2016,0.66,-0.00360695680209316
"cpi",2016,2016,0.67,0.0262380990150931
"cpi",2016,2016,0.68,0.0564480329462243
"cpi",2016,2016,0.69,0.087055807786909
"cpi",2016,2016,0.7,0.118096979156607
"cpi",2016,2016,0.71,0.149610062195143
"cpi",2016,2016,0.72,0.181636958849874
"cpi",2016,2016,0.73,0.214223458836656
"cpi",2016,2016,0.74,0.24741983073205
"cpi",2016,2016,0.75,0.281281524071542
"cpi",2016,2016,0.76,0.31587000916655
"cpi",2016,2016,0.77,0.351253789147669
"cpi",2016,2016,0.78,0.387509629264735
"cpi",2016,2016,0.79,0.424724062851751
"cpi",2016,2016,0.8,0.462995253265347
"cpi",2016,2016,0.81,0.502435319043359
"cpi",2016,2016,0.82,0.543173269362376
"cpi",2016,2016,0.83,0.585358754635168
"cpi",2016,2016,0.84,0.62916692243182
"cpi",2016,2016,0.85,0.674804797639763
"cpi",2016,2016,0.86,0.722519804487434
"cpi",2016,2016,0.87,0.772611362820018
"cpi",2016,2016,0.88,0.82544700439345
"cpi",2016,2016,0.89,0.881485320597508
"cpi",2016,2016,0.9,0.941309569591967
"cpi",2016,2016,0.91,1.00567854879674
"cpi",2016,2016,0.92,1.0756067015581
"cpi",2016,2016,0.93,1.15249645310898
"cpi",2016,2016,0.94,1.23837025973759
"cpi",2016,2016,0.95,1.33630978779257
"cpi",2016,2016,0.96,1.45137612798782
"cpi",2016,2016,0.97,1.59283556608092
"cpi",2016,2016,0.98,1.78088124342781
"cpi",2016,2016,0.99,2.07726450536375
"cpi",2016,2017,0.01,-7.11026330060476
"cpi",2016,2017,0.02,-6.09318134119123
"cpi",2016,2017,0.03,-5.44787544663447
"cpi",2016,2017,0.04,-4.96243695886872
"cpi",2016,2017,0.05,-4.5675701975547
"cpi",2016,2017,0.06,-4.2314765651156
"cpi",2016,2017,0.07,-3.9367881979736
"cpi",2016,2017,0.08,-3.67292991307796
"cpi",2016,2017,0.09,-3.43296135964441
"cpi",2016,2017,0.1,-3.21206991298373
"cpi",2016,2017,0.11,-3.00677436427329
"cpi",2016,2017,0.12,-2.81447079060057
"cpi",2016,2017,0.13,-2.6331576573711
"cpi",2016,2017,0.14,-2.46126124201282
"cpi",2016,2017,0.15,-2.29752030623572
"cpi",2016,2017,0.16,-2.14090734760651
"cpi",2016,2017,0.17,-1.99057329415863
"cpi",2016,2017,0.18,-1.84580771009762
"cpi",2016,2017,0.19,-1.70600955124643
"cpi",2016,2017,0.2,-1.57066527060493
"cpi",2016,2017,0.21,-1.43933215455548
"cpi",2016,2017,0.22,-1.31162545214619
"cpi",2016,2017,0.23,-1.18720830164456
"cpi",2016,2017,0.24,-1.06578375142002
"cpi",2016,2017,0.25,-0.947088370433289
"cpi",2016,2017,0.26,-0.830887080300263
"cpi",2016,2017,0.27,-0.716968936771345
"cpi",2016,2017,0.28,-0.605143656758909
"cpi",2016,2017,0.29,-0.49523873638399
"cpi",2016,2017,0.3,-0.387097041624847
"cpi",2016,2017,0.31,-0.280574779898719
"cpi",2016,2017,0.32,-0.175539780941929
"cpi",2016,2017,0.33,-0.0718700305122666
"cpi",2016,2017,0.34,0.0305475879830417
"cpi",2016,2017,0.35,0.131818379907275
"cpi",2016,2017,0.36,0.232040782903055
"cpi",2016,2017,0.37,0.331307191104459
"cpi",2016,2017,0.38,0.429704679389562
"cpi",2016,2017,0.39,0.527315643617948
"cpi",2016,2017,0.4,0.624218370091548
"cpi",2016,2017,0.41,0.720487545307886
"cpi",2016,2017,0.42,0.816194715328676
"cpi",2016,2017,0.43,0.911408702676899
"cpi",2016,2017,0.44,1.00619598753494
"cpi",2016,2017,0.45,1.10062105909349
"cpi",2016,2017,0.46,1.19474674215564
"cpi",2016,2017,0.47,1.28863450350165
"cpi",2016,2017,0.48,1.38234474204364
"cpi",2016,2017,0.49,1.47593706642645
"cpi",2016,2017,0.5,1.56947056344812
"cpi",2016,2017,0.51,1.66300406046979
"cpi",2016,2017,0.52,1.75659638485259
"cpi",2016,2017,0.53,1.85030662339459
"cpi",2016,2017,0.54,1.9441943847406
"cpi",2016,2017,0.55,2.03832006780274
"cpi",2016,2017,0.56,2.13274513936129
"cpi",2016,2017,0.57,2.22753242421934
"cpi",2016,2017,0.58,2.32274641156756
"cpi",2016,2017,0.59,2.41845358158835
"cpi",2016,2017,0.6,2.51472275680469
"cpi",2016,2017,0.61,2.61162548327829
"cpi",2016,2017,0.62,2.70923644750667
"cpi",2016,2017,0.63,2.80763393579178
"cpi",2016,2017,0.64,2.90690034399318
"cpi",2016,2017,0.65,3.00712274698896
"cpi",2016,2017,0.66,3.10839353891319
"cpi",2016,2017,0.67,3.2108111574085
"cpi",2016,2017,0.68,3.31448090783817
"cpi",2016,2017,0.69,3.41951590679496
"cpi",2016,2017,0.7,3.52603816852108
"cpi",2016,2017,0.71,3.63417986328023
"cpi",2016,2017,0.72,3.74408478365514
"cpi",2016,2017,0.73,3.85591006366758
"cpi",2016,2017,0.74,3.9698282071965
"cpi",2016,2017,0.75,4.08602949732953
"cpi",2016,2017,0.76,4.20472487831625
"cpi",2016,2017,0.77,4.3261494285408
"cpi",2016,2017,0.78,4.45056657904243
"cpi",2016,2017,0.79,4.57827328145171
"cpi",2016,2017,0.8,4.70960639750117
"cpi",2016,2017,0.81,4.84495067814266
"cpi",2016,2017,0.82,4.98474883699386
"cpi",2016,2017,0.83,5.12951442105487
"cpi",2016,2017,0.84,5.27984847450275
"cpi",2016,2017,0.85,5.43646143313196
"cpi",2016,2017,0.86,5.60020236890906
"cpi",2016,2017,0.87,5.77209878426734
"cpi",2016,2017,0.88,5.95341191749681
"cpi",2016,2017,0.89,6.14571549116953
"cpi",2016,2017,0.9,6.35101103987996
"cpi",2016,2017,0.91,6.57190248654064
"cpi",2016,2017,0.92,6.8118710399742
"cpi",2016,2017,0.93,7.07572932486983
"cpi",2016,2017,0.94,7.37041769201184
"cpi",2016,2017,0.95,7.70651132445094
"cpi",2016,2017,0.96,8.10137808576496
"cpi",2016,2017,0.97,8.58681657353071
"cpi",2016,2017,0.98,9.23212246808746
"cpi",2016,2017,0.99,10.249204427501
"gdp",2016,2016,0.01,-0.888901376607238
"gdp",2016,2016,0.02,-0.583917445519133
"gdp",2016,2016,0.03,-0.390414919341472
"gdp",2016,2016,0.04,-0.244850506434538
"gdp",2016,2016,0.05,-0.12644508590086
"gdp",2016,2016,0.06,-0.0256634760352565
"gdp",2016,2016,0.07,0.0627022803574004
"gdp",2016,2016,0.08,0.141823275703772
"gdp",2016,2016,0.09,0.213780655427518
"gdp",2016,2016,0.1,0.280017541376373
"gdp",2016,2016,0.11,0.341577814765453
"gdp",2016,2016,0.12,0.399242292360567
"gdp",2016,2016,0.13,0.453611157739038
"gdp",2016,2016,0.14,0.505156310035468
"gdp",2016,2016,0.15,0.554255946314671
"gdp",2016,2016,0.16,0.601218175208809
"gdp",2016,2016,0.17,0.646297600885951
"gdp",2016,2016,0.18,0.689707255835144
"gdp",2016,2016,0.19,0.731627370188467
"gdp",2016,2016,0.2,0.772211937025279
"gdp",2016,2016,0.21,0.811593709206067
"gdp",2016,2016,0.22,0.84988805880749
"gdp",2016,2016,0.23,0.887195997763215
"gdp",2016,2016,0.24,0.923606570495661
"gdp",2016,2016,0.25,0.959198769885577
"gdp",2016,2016,0.26,0.994043086938172
"gdp",2016,2016,0.27,1.02820277575592
"gdp",2016,2016,0.28,1.06173489495001
"gdp",2016,2016,0.29,1.09469117182783
"gdp",2016,2016,0.3,1.12711872486514
"gdp",2016,2016,0.31,1.15906067195106
"gdp",2016,2016,0.32,1.19055664588629
"gdp",2016,2016,0.33,1.2216432340696
"gdp",2016,2016,0.34,1.25235435583543
"gdp",2016,2016,0.35,1.28272158822963
"gdp",2016,2016,0.36,1.31277444893161
"gdp",2016,2016,0.37,1.342540643404
"gdp",2016,2016,0.38,1.37204628206825
"gdp",2016,2016,0.39,1.40131607228736
"gdp",2016,2016,0.4,1.43037348912534
"gdp",2016,2016,0.41,1.45924092820274
"gdp",2016,2016,0.42,1.48793984344364
"gdp",2016,2016,0.43,1.51649087208717
"gdp",2016,2016,0.44,1.54491394899421
"gdp",2016,2016,0.45,1.57322841200347
"gdp",2016,2016,0.46,1.60145309986756
"gdp",2016,2016,0.47,1.62960644412005
"gdp",2016,2016,0.48,1.65770655608175
"gdp",2016,2016,0.49,1.68577131010256
"gdp",2016,2016,0.5,1.71381842405052
"gdp",2016,2016,0.51,1.74186553799848
"gdp",2016,2016,0.52,1.76993029201929
"gdp",2016,2016,0.53,1.79803040398098
"gdp",2016,2016,0.54,1.82618374823347
"gdp",2016,2016,0.55,1.85440843609757
"gdp",2016,2016,0.56,1.88272289910683
"gdp",2016,2016,0.57,1.91114597601387
"gdp",2016,2016,0.58,1.9396970046574
"gdp",2016,2016,0.59,1.9683959198983
"gdp",2016,2016,0.6,1.9972633589757
"gdp",2016,2016,0.61,2.02632077581368
"gdp",2016,2016,0.62,2.05559056603279
"gdp",2016,2016,0.63,2.08509620469704
"gdp",2016,2016,0.64,2.11486239916943
"gdp",2016,2016,0.65,2.14491525987141
"gdp",2016,2016,0.66,2.17528249226561
"gdp",2016,2016,0.67,2.20599361403144
"gdp",2016,2016,0.68,2.23708020221475
"gdp",2016,2016,0.69,2.26857617614997
"gdp",2016,2016,0.7,2.30051812323589
"gdp",2016,2016,0.71,2.3329456762732
"gdp",2016,2016,0.72,2.36590195315102
"gdp",2016,2016,0.73,2.39943407234512
"gdp",2016,2016,0.74,2.43359376116286
"gdp",2016,2016,0.75,2.46843807821546
"gdp",2016,2016,0.76,2.50403027760538
"gdp",2016,2016,0.77,2.54044085033782
"gdp",2016,2016,0.78,2.57774878929355
"gdp",2016,2016,0.79,2.61604313889497
"gdp",2016,2016,0.8,2.65542491107576
"gdp",2016,2016,0.81,2.69600947791257
"gdp",2016,2016,0.82,2.73792959226589
"gdp",2016,2016,0.83,2.78133924721509
"gdp",2016,2016,0.84,2.82641867289223
"gdp",2016,2016,0.85,2.87338090178637
"gdp",2016,2016,0.86,2.92248053806557
"gdp",2016,2016,0.87,2.974025690362
"gdp",2016,2016,0.88,3.02839455574047
"gdp",2016,2016,0.89,3.08605903333558
"gdp",2016,2016,0.9,3.14761930672466
"gdp",2016,2016,0.91,3.21385619267352
"gdp",2016,2016,0.92,3.28581357239727
"gdp",2016,2016,0.93,3.36493456774364
"gdp",2016,2016,0.94,3.45330032413629
"gdp",2016,2016,0.95,3.5540819340019
"gdp",2016,2016,0.96,3.67248735453558
"gdp",2016,2016,0.97,3.81805176744251
"gdp",2016,2016,0.98,4.01155429362017
"gdp",2016,2016,0.99,4.31653822470827
"gdp",2016,2017,0.01,-3.3126037039938
"gdp",2016,2017,0.02,-2.65073113421083
"gdp",2016,2017,0.03,-2.2307942089972
"gdp",2016,2017,0.04,-1.91489201803282
"gdp",2016,2017,0.05,-1.65792995552265
"gdp",2016,2017,0.06,-1.43921488135259
"gdp",2016,2017,0.07,-1.24744454756563
"gdp",2016,2017,0.08,-1.07573708636644
"gdp",2016,2017,0.09,-0.919576020231953
"gdp",2016,2017,0.1,-0.775829502961424
"gdp",2016,2017,0.11,-0.642232115718087
"gdp",2016,2017,0.12,-0.517089339064569
"gdp",2016,2017,0.13,-0.399098661602165
"gdp",2016,2017,0.14,-0.287235973333395
"gdp",2016,2017,0.15,-0.180680515399655
"gdp",2016,2017,0.16,-0.0787636340413402
"gdp",2016,2017,0.17,0.0190672097372824
"gdp",2016,2017,0.18,0.113274336559037
"gdp",2016,2017,0.19,0.204248879754281
"gdp",2016,2017,0.2,0.292325033307595
"gdp",2016,2017,0.21,0.377790895928323
"gdp",2016,2017,0.22,0.460896846751481
"gdp",2016,2017,0.23,0.541862100697264
"gdp",2016,2017,0.24,0.620879900932556
"gdp",2016,2017,0.25,0.69812167688575
"gdp",2016,2017,0.26,0.773740407314112
"gdp",2016,2017,0.27,0.847873365533002
"gdp",2016,2017,0.28,0.920644379474896
"gdp",2016,2017,0.29,0.992165707138878
"gdp",2016,2017,0.3,1.06253960449145
"gdp",2016,2017,0.31,1.13185964547263
"gdp",2016,2017,0.32,1.2002118407242
"gdp",2016,2017,0.33,1.26767559179221
"gdp",2016,2017,0.34,1.33432451002062
"gdp",2016,2017,0.35,1.40022712354598
"gdp",2016,2017,0.36,1.46544749129185
"gdp",2016,2017,0.37,1.53004573933007
"gdp",2016,2017,0.38,1.5940785321927
"gdp",2016,2017,0.39,1.65759948951072
"gdp",2016,2017,0.4,1.72065955659424
"gdp",2016,2017,0.41,1.78330733615772
"gdp",2016,2017,0.42,1.84558938725696
"gdp",2016,2017,0.43,1.90755049658761
"gdp",2016,2017,0.44,1.96923392655221
"gdp",2016,2017,0.45,2.03068164390278
"gdp",2016,2017,0.46,2.09193453228046
"gdp",2016,2017,0.47,2.15303259158444
"gdp",2016,2017,0.48,2.21401512679186
"gdp",2016,2017,0.49,2.27492092860839
"gdp",2016,2017,0.5,2.33578844814459
"gdp",2016,2017,0.51,2.39665596768079
"gdp",2016,2017,0.52,2.45756176949732
"gdp",2016,2017,0.53,2.51854430470474
"gdp",2016,2017,0.54,2.57964236400872
"gdp",2016,2017,0.55,2.64089525238641
"gdp",2016,2017,0.56,2.70234296973697
"gdp",2016,2017,0.57,2.76402639970157
"gdp",2016,2017,0.58,2.82598750903222
"gdp",2016,2017,0.59,2.88826956013146
"gdp",2016,2017,0.6,2.95091733969494
"gdp",2016,2017,0.61,3.01397740677846
"gdp",2016,2017,0.62,3.07749836409648
"gdp",2016,2017,0.63,3.14153115695912
"gdp",2016,2017,0.64,3.20612940499733
"gdp",2016,2017,0.65,3.2713497727432
"gdp",2016,2017,0.66,3.33725238626856
"gdp",2016,2017,0.67,3.40390130449697
"gdp",2016,2017,0.68,3.47136505556498
"gdp",2016,2017,0.69,3.53971725081655
"gdp",2016,2017,0.7,3.60903729179773
"gdp",2016,2017,0.71,3.6794111891503
"gdp",2016,2017,0.72,3.75093251681429
"gdp",2016,2017,0.73,3.82370353075618
"gdp",2016,2017,0.74,3.89783648897507
"gdp",2016,2017,0.75,3.97345521940343
"gdp",2016,2017,0.76,4.05069699535663
"gdp",2016,2017,0.77,4.12971479559192
"gdp",2016,2017,0.78,4.2106800495377
"gdp",2016,2017,0.79,4.29378600036086
"gdp",2016,2017,0.8,4.37925186298159
"gdp",2016,2017,0.81,4.4673280165349
"gdp",2016,2017,0.82,4.55830255973014
"gdp",2016,2017,0.83,4.6525096865519
"gdp",2016,2017,0.84,4.75034053033052
"gdp",2016,2017,0.85,4.85225741168884
"gdp",2016,2017,0.86,4.95881286962258
"gdp",2016,2017,0.87,5.07067555789135
"gdp",2016,2017,0.88,5.18866623535375
"gdp",2016,2017,0.89,5.31380901200727
"gdp",2016,2017,0.9,5.4474063992506
"gdp",2016,2017,0.91,5.59115291652113
"gdp",2016,2017,0.92,5.74731398265562
"gdp",2016,2017,0.93,5.91902144385482
"gdp",2016,2017,0.94,6.11079177764177
"gdp",2016,2017,0.95,6.32950685181183
"gdp",2016,2017,0.96,6.586468914322
"gdp",2016,2017,0.97,6.90237110528638
"gdp",2016,2017,0.98,7.32230803050001
"gdp",2016,2017,0.99,7.98418060028298
"cpi",2017,2017,0.01,-0.115156113907744
"cpi",2017,2017,0.02,0.179573480798324
"cpi",2017,2017,0.03,0.366569959306128
"cpi",2017,2017,0.04,0.5072401259822
"cpi",2017,2017,0.05,0.621664454766955
"cpi",2017,2017,0.06,0.719057530276017
"cpi",2017,2017,0.07,0.804452204921938
"cpi",2017,2017,0.08,0.880912950929046
"cpi",2017,2017,0.09,0.950450940312374
"cpi",2017,2017,0.1,1.01446077348833
"cpi",2017,2017,0.11,1.07395123372742
"cpi",2017,2017,0.12,1.12967688474749
"cpi",2017,2017,0.13,1.18221773042568
"cpi",2017,2017,0.14,1.23202980344601
"cpi",2017,2017,0.15,1.27947858492494
"cpi",2017,2017,0.16,1.32486182409784
"cpi",2017,2017,0.17,1.36842556469232
"cpi",2017,2017,0.18,1.41037567650267
"cpi",2017,2017,0.19,1.45088632986499
"cpi",2017,2017,0.2,1.49010634021917
"cpi",2017,2017,0.21,1.52816399693649
"cpi",2017,2017,0.22,1.56517079299061
"cpi",2017,2017,0.23,1.60122434403675
"cpi",2017,2017,0.24,1.63641070059712
"cpi",2017,2017,0.25,1.67080619961067
"cpi",2017,2017,0.26,1.7044789619955
"cpi",2017,2017,0.27,1.73749011509009
"cpi",2017,2017,0.28,1.76989479904984
"cpi",2017,2017,0.29,1.80174300197832
"cpi",2017,2017,0.3,1.83308025810817
"cpi",2017,2017,0.31,1.86394823559527
"cpi",2017,2017,0.32,1.89438523468464
"cpi",2017,2017,0.33,1.92442661261355
"cpi",2017,2017,0.34,1.95410514826203
"cpi",2017,2017,0.35,1.98345135697524
"cpi",2017,2017,0.36,2.01249376397305
"cpi",2017,2017,0.37,2.04125914318988
"cpi",2017,2017,0.38,2.06977272714833
"cpi",2017,2017,0.39,2.09805839248693
"cpi",2017,2017,0.4,2.12613882497828
"cpi",2017,2017,0.41,2.15403566724511
"cpi",2017,2017,0.42,2.18176965187596
"cpi",2017,2017,0.43,2.20936072223343
"cpi",2017,2017,0.44,2.23682814291761
"cpi",2017,2017,0.45,2.26419060157983
"cpi",2017,2017,0.46,2.29146630356586
"cpi",2017,2017,0.47,2.31867306069419
"cpi",2017,2017,0.48,2.3458283753369
"cpi",2017,2017,0.49,2.37294952086272
"cpi",2017,2017,0.5,2.40005361941986
"cpi",2017,2017,0.51,2.42715771797701
"cpi",2017,2017,0.52,2.45427886350283
"cpi",2017,2017,0.53,2.48143417814553
"cpi",2017,2017,0.54,2.50864093527386
"cpi",2017,2017,0.55,2.5359166372599
"cpi",2017,2017,0.56,2.56327909592212
"cpi",2017,2017,0.57,2.5907465166063
"cpi",2017,2017,0.58,2.61833758696377
"cpi",2017,2017,0.59,2.64607157159462
"cpi",2017,2017,0.6,2.67396841386145
"cpi",2017,2017,0.61,2.7020488463528
"cpi",2017,2017,0.62,2.7303345116914
"cpi",2017,2017,0.63,2.75884809564985
"cpi",2017,2017,0.64,2.78761347486668
"cpi",2017,2017,0.65,2.81665588186448
"cpi",2017,2017,0.66,2.8460020905777
"cpi",2017,2017,0.67,2.87568062622618
"cpi",2017,2017,0.68,2.90572200415508
"cpi",2017,2017,0.69,2.93615900324446
"cpi",2017,2017,0.7,2.96702698073156
"cpi",2017,2017,0.71,2.99836423686141
"cpi",2017,2017,0.72,3.03021243978989
"cpi",2017,2017,0.73,3.06261712374964
"cpi",2017,2017,0.74,3.09562827684423
"cpi",2017,2017,0.75,3.12930103922906
"cpi",2017,2017,0.76,3.1636965382426
"cpi",2017,2017,0.77,3.19888289480297
"cpi",2017,2017,0.78,3.23493644584912
"cpi",2017,2017,0.79,3.27194324190324
"cpi",2017,2017,0.8,3.31000089862056
"cpi",2017,2017,0.81,3.34922090897474
"cpi",2017,2017,0.82,3.38973156233706
"cpi",2017,2017,0.83,3.43168167414741
"cpi",2017,2017,0.84,3.47524541474189
"cpi",2017,2017,0.85,3.52062865391479
"cpi",2017,2017,0.86,3.56807743539372
"cpi",2017,2017,0.87,3.61788950841405
"cpi",2017,2017,0.88,3.67043035409223
"cpi",2017,2017,0.89,3.7261560051123
"cpi",2017,2017,0.9,3.78564646535139
"cpi",2017,2017,0.91,3.84965629852735
"cpi",2017,2017,0.92,3.91919428791068
"cpi",2017,2017,0.93,3.99565503391779
"cpi",2017,2017,0.94,4.08104970856371
"cpi",2017,2017,0.95,4.17844278407277
"cpi",2017,2017,0.96,4.29286711285753
"cpi",2017,2017,0.97,4.4335372795336
"cpi",2017,2017,0.98,4.6205337580414
"cpi",2017,2017,0.99,4.91526335274747
"cpi",2017,2018,0.01,-4.25093402395406
"cpi",2017,2018,0.02,-3.24295787023948
"cpi",2017,2018,0.03,-2.60342931745724
"cpi",2017,2018,0.04,-2.12233689886269
"cpi",2017,2018,0.05,-1.73100532954792
"cpi",2017,2018,0.06,-1.39792070074449
"cpi",2017,2018,0.07,-1.10587064115292
"cpi",2017,2018,0.08,-0.844374645994195
"cpi",2017,2018,0.09,-0.606554500563755
"cpi",2017,2018,0.1,-0.387640666990435
"cpi",2017,2018,0.11,-0.184183103272374
"cpi",2017,2018,0.12,0.0063988009115965
"cpi",2017,2018,0.13,0.186088660670749
"cpi",2017,2018,0.14,0.356446109238681
"cpi",2017,2018,0.15,0.518721093199062
"cpi",2017,2018,0.16,0.673931915886312
"cpi",2017,2018,0.17,0.822920047633429
"cpi",2017,2018,0.18,0.966389563793362
"cpi",2017,2018,0.19,1.10493612747095
"cpi",2017,2018,0.2,1.23906868794517
"cpi",2017,2018,0.21,1.36922599527487
"cpi",2017,2018,0.22,1.49578935578547
"cpi",2017,2018,0.23,1.61909261532915
"cpi",2017,2018,0.24,1.73943006696622
"cpi",2017,2018,0.25,1.85706278327128
"cpi",2017,2018,0.26,1.97222373800152
"cpi",2017,2018,0.27,2.08512198684942
"cpi",2017,2018,0.28,2.19594610932229
"cpi",2017,2018,0.29,2.30486706489375
"cpi",2017,2018,0.3,2.4120405807846
"cpi",2017,2018,0.31,2.51760916222084
"cpi",2017,2018,0.32,2.62170379616256
"cpi",2017,2018,0.33,2.72444540447394
"cpi",2017,2018,0.34,2.82594609102927
"cpi",2017,2018,0.35,2.92631021840626
"cpi",2017,2018,0.36,3.02563534294781
"cpi",2017,2018,0.37,3.12401303159506
"cpi",2017,2018,0.38,3.22152957965573
"cpi",2017,2018,0.39,3.31826664530974
"cpi",2017,2018,0.4,3.4143018139717
"cpi",2017,2018,0.41,3.5097091034804
"cpi",2017,2018,0.42,3.60455941935474
"cpi",2017,2018,0.43,3.69892096795838
"cpi",2017,2018,0.44,3.79285963428509
"cpi",2017,2018,0.45,3.886439330162
"cpi",2017,2018,0.46,3.97972231792971
"cpi",2017,2018,0.47,4.07276951406422
"cpi",2017,2018,0.48,4.16564077673385
"cpi",2017,2018,0.49,4.2583951809148
"cpi",2017,2018,0.5,4.3510912844085
"cpi",2017,2018,0.51,4.44378738790221
"cpi",2017,2018,0.52,4.53654179208315
"cpi",2017,2018,0.53,4.62941305475278
"cpi",2017,2018,0.54,4.72246025088729
"cpi",2017,2018,0.55,4.815743238655
"cpi",2017,2018,0.56,4.90932293453192
"cpi",2017,2018,0.57,5.00326160085862
"cpi",2017,2018,0.58,5.09762314946227
"cpi",2017,2018,0.59,5.1924734653366
"cpi",2017,2018,0.6,5.2878807548453
"cpi",2017,2018,0.61,5.38391592350726
"cpi",2017,2018,0.62,5.48065298916127
"cpi",2017,2018,0.63,5.57816953722195
"cpi",2017,2018,0.64,5.67654722586919
"cpi",2017,2018,0.65,5.77587235041075
"cpi",2017,2018,0.66,5.87623647778774
"cpi",2017,2018,0.67,5.97773716434306
"cpi",2017,2018,0.68,6.08047877265444
"cpi",2017,2018,0.69,6.18457340659617
"cpi",2017,2018,0.7,6.29014198803241
"cpi",2017,2018,0.71,6.39731550392325
"cpi",2017,2018,0.72,6.50623645949471
"cpi",2017,2018,0.73,6.61706058196758
"cpi",2017,2018,0.74,6.72995883081549
"cpi",2017,2018,0.75,6.84511978554572
"cpi",2017,2018,0.76,6.96275250185079
"cpi",2017,2018,0.77,7.08308995348785
"cpi",2017,2018,0.78,7.20639321303153
"cpi",2017,2018,0.79,7.33295657354213
"cpi",2017,2018,0.8,7.46311388087183
"cpi",2017,2018,0.81,7.59724644134606
"cpi",2017,2018,0.82,7.73579300502364
"cpi",2017,2018,0.83,7.87926252118358
"cpi",2017,2018,0.84,8.02825065293069
"cpi",2017,2018,0.85,8.18346147561794
"cpi",2017,2018,0.86,8.34573645957832
"cpi",2017,2018,0.87,8.51609390814625
"cpi",2017,2018,0.88,8.69578376790541
"cpi",2017,2018,0.89,8.88636567208938
"cpi",2017,2018,0.9,9.08982323580744
"cpi",2017,2018,0.91,9.30873706938076
"cpi",2017,2018,0.92,9.5465572148112
"cpi",2017,2018,0.93,9.80805320996993
"cpi",2017,2018,0.94,10.1001032695615
"cpi",2017,2018,0.95,10.4331878983649
"cpi",2017,2018,0.96,10.8245194676797
"cpi",2017,2018,0.97,11.3056118862742
"cpi",2017,2018,0.98,11.9451404390565
"cpi",2017,2018,0.99,12.9531165927711
"gdp",2017,2017,0.01,-0.661410555968699
"gdp",2017,2017,0.02,-0.358971656983522
"gdp",2017,2017,0.03,-0.167083872078828
"gdp",2017,2017,0.04,-0.0227341661322584
"gdp",2017,2017,0.05,0.0946831839960578
"gdp",2017,2017,0.06,0.194623790758391
"gdp",2017,2017,0.07,0.282252151951188
"gdp",2017,2017,0.08,0.360712897846207
"gdp",2017,2017,0.09,0.4320698071098
"gdp",2017,2017,0.1,0.497753959016123
"gdp",2017,2017,0.11,0.558800523792814
"gdp",2017,2017,0.12,0.615983802440316
"gdp",2017,2017,0.13,0.669898970119717
"gdp",2017,2017,0.14,0.721013988058324
"gdp",2017,2017,0.15,0.769703897339364
"gdp",2017,2017,0.16,0.816274235487868
"gdp",2017,2017,0.17,0.86097748204921
"gdp",2017,2017,0.18,0.90402489179739
"gdp",2017,2017,0.19,0.945595190878784
"gdp",2017,2017,0.2,0.985841087330194
"gdp",2017,2017,0.21,1.02489422621508
"gdp",2017,2017,0.22,1.06286901685237
"gdp",2017,2017,0.23,1.09986562825061
"gdp",2017,2017,0.24,1.1359723617737
"gdp",2017,2017,0.25,1.17126755112201
"gdp",2017,2017,0.26,1.20582109906691
"gdp",2017,2017,0.27,1.23969573186758
"gdp",2017,2017,0.28,1.27294803199212
"gdp",2017,2017,0.29,1.30562929509348
"gdp",2017,2017,0.3,1.33778624645284
"gdp",2017,2017,0.31,1.36946164414885
"gdp",2017,2017,0.32,1.40069479025413
"gdp",2017,2017,0.33,1.43152196685265
"gdp",2017,2017,0.34,1.46197681022856
"gdp",2017,2017,0.35,1.49209063392335
"gdp",2017,2017,0.36,1.52189270929707
"gdp",2017,2017,0.37,1.55141051061561
"gdp",2017,2017,0.38,1.580669930414
"gdp",2017,2017,0.39,1.60969546987706
"gdp",2017,2017,0.4,1.6385104081739
"gdp",2017,2017,0.41,1.66713695403794
"gdp",2017,2017,0.42,1.69559638236441
"gdp",2017,2017,0.43,1.72390915817866
"gdp",2017,2017,0.44,1.75209504998898
"gdp",2017,2017,0.45,1.78017323426356
"gdp",2017,2017,0.46,1.80816239254925
"gdp",2017,2017,0.47,1.83608080257202
"gdp",2017,2017,0.48,1.8639464245172
"gdp",2017,2017,0.49,1.89177698357668
"gdp",2017,2017,0.5,1.91959004976633
"gdp",2017,2017,0.51,1.94740311595598
"gdp",2017,2017,0.52,1.97523367501547
"gdp",2017,2017,0.53,2.00309929696065
"gdp",2017,2017,0.54,2.03101770698342
"gdp",2017,2017,0.55,2.05900686526911
"gdp",2017,2017,0.56,2.08708504954369
"gdp",2017,2017,0.57,2.11527094135401
"gdp",2017,2017,0.58,2.14358371716826
"gdp",2017,2017,0.59,2.17204314549473
"gdp",2017,2017,0.6,2.20066969135877
"gdp",2017,2017,0.61,2.22948462965561
"gdp",2017,2017,0.62,2.25851016911866
"gdp",2017,2017,0.63,2.28776958891706
"gdp",2017,2017,0.64,2.3172873902356
"gdp",2017,2017,0.65,2.34708946560932
"gdp",2017,2017,0.66,2.3772032893041
"gdp",2017,2017,0.67,2.40765813268002
"gdp",2017,2017,0.68,2.43848530927854
"gdp",2017,2017,0.69,2.46971845538382
"gdp",2017,2017,0.7,2.50139385307983
"gdp",2017,2017,0.71,2.53355080443919
"gdp",2017,2017,0.72,2.56623206754055
"gdp",2017,2017,0.73,2.59948436766509
"gdp",2017,2017,0.74,2.63335900046576
"gdp",2017,2017,0.75,2.66791254841066
"gdp",2017,2017,0.76,2.70320773775897
"gdp",2017,2017,0.77,2.73931447128206
"gdp",2017,2017,0.78,2.7763110826803
"gdp",2017,2017,0.79,2.81428587331759
"gdp",2017,2017,0.8,2.85333901220248
"gdp",2017,2017,0.81,2.89358490865389
"gdp",2017,2017,0.82,2.93515520773528
"gdp",2017,2017,0.83,2.97820261748346
"gdp",2017,2017,0.84,3.0229058640448
"gdp",2017,2017,0.85,3.0694762021933
"gdp",2017,2017,0.86,3.11816611147434
"gdp",2017,2017,0.87,3.16928112941295
"gdp",2017,2017,0.88,3.22319629709235
"gdp",2017,2017,0.89,3.28037957573985
"gdp",2017,2017,0.9,3.34142614051655
"gdp",2017,2017,0.91,3.40711029242287
"gdp",2017,2017,0.92,3.47846720168646
"gdp",2017,2017,0.93,3.55692794758148
"gdp",2017,2017,0.94,3.64455630877428
"gdp",2017,2017,0.95,3.74449691553661
"gdp",2017,2017,0.96,3.86191426566493
"gdp",2017,2017,0.97,4.0062639716115
"gdp",2017,2017,0.98,4.19815175651619
"gdp",2017,2017,0.99,4.50059065550137
"gdp",2017,2018,0.01,-3.2440536558799
"gdp",2017,2018,0.02,-2.58758910018657
"gdp",2017,2018,0.03,-2.17108338652633
"gdp",2017,2018,0.04,-1.85776236235701
"gdp",2017,2018,0.05,-1.60289987991406
"gdp",2017,2018,0.06,-1.38597187814544
"gdp",2017,2018,0.07,-1.1957684572575
"gdp",2017,2018,0.08,-1.02546397967154
"gdp",2017,2018,0.09,-0.870578871001476
"gdp",2017,2018,0.1,-0.728006874667795
"gdp",2017,2018,0.11,-0.59550108206901
"gdp",2017,2018,0.12,-0.471380819310547
"gdp",2017,2018,0.13,-0.354354217525689
"gdp",2017,2018,0.14,-0.243405534492793
"gdp",2017,2018,0.15,-0.137720717591997
"gdp",2017,2018,0.16,-0.0366365764853875
"gdp",2017,2018,0.17,0.0603949131490835
"gdp",2017,2018,0.18,0.153832294414887
"gdp",2017,2018,0.19,0.244063504778616
"gdp",2017,2018,0.2,0.331420007599867
"gdp",2017,2018,0.21,0.416187547597272
"gdp",2017,2018,0.22,0.498614458113424
"gdp",2017,2018,0.23,0.578918162911984
"gdp",2017,2018,0.24,0.657290326212745
"gdp",2017,2018,0.25,0.733900976732231
"gdp",2017,2018,0.26,0.808901843272185
"gdp",2017,2018,0.27,0.882429077518126
"gdp",2017,2018,0.28,0.954605495631938
"gdp",2017,2018,0.29,1.02554243837747
"gdp",2017,2018,0.3,1.09534132621038
"gdp",2017,2018,0.31,1.16409496849877
"gdp",2017,2018,0.32,1.23188867311052
"gdp",2017,2018,0.33,1.29880119281924
"gdp",2017,2018,0.34,1.36490553750692
"gdp",2017,2018,0.35,1.4302696753819
"gdp",2017,2018,0.36,1.49495714195645
"gdp",2017,2018,0.37,1.55902757202561
"gdp",2017,2018,0.38,1.62253716712811
"gdp",2017,2018,0.39,1.68553910878081
"gdp",2017,2018,0.4,1.74808392603098
"gdp",2017,2018,0.41,1.81021982447106
"gdp",2017,2018,0.42,1.87199298273315
"gdp",2017,2018,0.43,1.9334478215707
"gdp",2017,2018,0.44,1.99462724989877
"gdp",2017,2018,0.45,2.05557289156834
"gdp",2017,2018,0.46,2.11632529616939
"gdp",2017,2018,0.47,2.17692413677078
"gdp",2017,2018,0.48,2.2374083971974
"gdp",2017,2018,0.49,2.29781655120466
"gdp",2017,2018,0.5,2.35818673572763
"gdp",2017,2018,0.51,2.4185569202506
"gdp",2017,2018,0.52,2.47896507425786
"gdp",2017,2018,0.53,2.53944933468448
"gdp",2017,2018,0.54,2.60004817528587
"gdp",2017,2018,0.55,2.66080057988692
"gdp",2017,2018,0.56,2.72174622155649
"gdp",2017,2018,0.57,2.78292564988456
"gdp",2017,2018,0.58,2.84438048872211
"gdp",2017,2018,0.59,2.9061536469842
"gdp",2017,2018,0.6,2.96828954542428
"gdp",2017,2018,0.61,3.03083436267445
"gdp",2017,2018,0.62,3.09383630432715
"gdp",2017,2018,0.63,3.15734589942965
"gdp",2017,2018,0.64,3.22141632949881
"gdp",2017,2018,0.65,3.28610379607336
"gdp",2017,2018,0.66,3.35146793394834
"gdp",2017,2018,0.67,3.41757227863602
"gdp",2017,2018,0.68,3.48448479834474
"gdp",2017,2018,0.69,3.55227850295649
"gdp",2017,2018,0.7,3.62103214524488
"gdp",2017,2018,0.71,3.69083103307779
"gdp",2017,2018,0.72,3.76176797582332
"gdp",2017,2018,0.73,3.83394439393713
"gdp",2017,2018,0.74,3.90747162818308
"gdp",2017,2018,0.75,3.98247249472303
"gdp",2017,2018,0.76,4.05908314524251
"gdp",2017,2018,0.77,4.13745530854328
"gdp",2017,2018,0.78,4.21775901334184
"gdp",2017,2018,0.79,4.30018592385799
"gdp",2017,2018,0.8,4.38495346385539
"gdp",2017,2018,0.81,4.47230996667664
"gdp",2017,2018,0.82,4.56254117704037
"gdp",2017,2018,0.83,4.65597855830618
"gdp",2017,2018,0.84,4.75301004794065
"gdp",2017,2018,0.85,4.85409418904726
"gdp",2017,2018,0.86,4.95977900594805
"gdp",2017,2018,0.87,5.07072768898095
"gdp",2017,2018,0.88,5.18775429076581
"gdp",2017,2018,0.89,5.31187455352427
"gdp",2017,2018,0.9,5.44438034612305
"gdp",2017,2018,0.91,5.58695234245674
"gdp",2017,2018,0.92,5.7418374511268
"gdp",2017,2018,0.93,5.91214192871275
"gdp",2017,2018,0.94,6.1023453496007
"gdp",2017,2018,0.95,6.31927335136932
"gdp",2017,2018,0.96,6.57413583381227
"gdp",2017,2018,0.97,6.88745685798159
"gdp",2017,2018,0.98,7.30396257164182
"gdp",2017,2018,0.99,7.96042712733516
"cpi",2018,2018,0.01,-0.85398369527271
"cpi",2018,2018,0.02,-0.560027572052056
"cpi",2018,2018,0.03,-0.373521836403456
"cpi",2018,2018,0.04,-0.233220836464376
"cpi",2018,2018,0.05,-0.119096796341303
"cpi",2018,2018,0.06,-0.0219593136472696
"cpi",2018,2018,0.07,0.0632112561003617
"cpi",2018,2018,0.08,0.139471342900345
"cpi",2018,2018,0.09,0.208826840762946
"cpi",2018,2018,0.1,0.272668690195037
"cpi",2018,2018,0.11,0.332003027074018
"cpi",2018,2018,0.12,0.387582434883891
"cpi",2018,2018,0.13,0.439985395372797
"cpi",2018,2018,0.14,0.489666744438691
"cpi",2018,2018,0.15,0.536991004050287
"cpi",2018,2018,0.16,0.582255142046901
"cpi",2018,2018,0.17,0.625704556453059
"cpi",2018,2018,0.18,0.667544576790147
"cpi",2018,2018,0.19,0.707948916311594
"cpi",2018,2018,0.2,0.747065999914573
"cpi",2018,2018,0.21,0.785023780295072
"cpi",2018,2018,0.22,0.821933457830964
"cpi",2018,2018,0.23,0.857892392000547
"cpi",2018,2018,0.24,0.892986407499946
"cpi",2018,2018,0.25,0.927291640933814
"cpi",2018,2018,0.26,0.960876034447626
"cpi",2018,2018,0.27,0.993800554960765
"cpi",2018,2018,0.28,1.02612019792196
"cpi",2018,2018,0.29,1.05788482024887
"cpi",2018,2018,0.3,1.08913983667669
"cpi",2018,2018,0.31,1.11992680600979
"cpi",2018,2018,0.32,1.1502839279802
"cpi",2018,2018,0.33,1.18024646703569
"cpi",2018,2018,0.34,1.20984711603327
"cpi",2018,2018,0.35,1.23911631023537
"cpi",2018,2018,0.36,1.26808250000191
"cpi",2018,2018,0.37,1.29677238900334
"cpi",2018,2018,0.38,1.32521114354345
"cpi",2018,2018,0.39,1.3534225776003
"cpi",2018,2018,0.4,1.38142931741123
"cpi",2018,2018,0.41,1.40925294880134
"cpi",2018,2018,0.42,1.43691414994972
"cpi",2018,2018,0.43,1.46443281188076
"cpi",2018,2018,0.44,1.49182814863765
"cpi",2018,2018,0.45,1.51911879882889
"cpi",2018,2018,0.46,1.54632292002322
"cpi",2018,2018,0.47,1.57345827729477
"cpi",2018,2018,0.48,1.60054232708341
"cpi",2018,2018,0.49,1.62759229742665
"cpi",2018,2018,0.5,1.6546252655383
"cpi",2018,2018,0.51,1.68165823364995
"cpi",2018,2018,0.52,1.70870820399319
"cpi",2018,2018,0.53,1.73579225378184
"cpi",2018,2018,0.54,1.76292761105339
"cpi",2018,2018,0.55,1.79013173224771
"cpi",2018,2018,0.56,1.81742238243896
"cpi",2018,2018,0.57,1.84481771919584
"cpi",2018,2018,0.58,1.87233638112689
"cpi",2018,2018,0.59,1.89999758227527
"cpi",2018,2018,0.6,1.92782121366537
"cpi",2018,2018,0.61,1.95582795347631
"cpi",2018,2018,0.62,1.98403938753316
"cpi",2018,2018,0.63,2.01247814207327
"cpi",2018,2018,0.64,2.04116803107469
"cpi",2018,2018,0.65,2.07013422084123
"cpi",2018,2018,0.66,2.09940341504334
"cpi",2018,2018,0.67,2.12900406404092
"cpi",2018,2018,0.68,2.15896660309641
"cpi",2018,2018,0.69,2.18932372506682
"cpi",2018,2018,0.7,2.22011069439991
"cpi",2018,2018,0.71,2.25136571082773
"cpi",2018,2018,0.72,2.28313033315465
"cpi",2018,2018,0.73,2.31544997611584
"cpi",2018,2018,0.74,2.34837449662898
"cpi",2018,2018,0.75,2.38195889014279
"cpi",2018,2018,0.76,2.41626412357666
"cpi",2018,2018,0.77,2.45135813907606
"cpi",2018,2018,0.78,2.48731707324564
"cpi",2018,2018,0.79,2.52422675078154
"cpi",2018,2018,0.8,2.56218453116203
"cpi",2018,2018,0.81,2.60130161476501
"cpi",2018,2018,0.82,2.64170595428646
"cpi",2018,2018,0.83,2.68354597462355
"cpi",2018,2018,0.84,2.72699538902971
"cpi",2018,2018,0.85,2.77225952702632
"cpi",2018,2018,0.86,2.81958378663792
"cpi",2018,2018,0.87,2.86926513570381
"cpi",2018,2018,0.88,2.92166809619272
"cpi",2018,2018,0.89,2.97724750400259
"cpi",2018,2018,0.9,3.03658184088157
"cpi",2018,2018,0.91,3.10042369031366
"cpi",2018,2018,0.92,3.16977918817626
"cpi",2018,2018,0.93,3.24603927497625
"cpi",2018,2018,0.94,3.33120984472388
"cpi",2018,2018,0.95,3.42834732741791
"cpi",2018,2018,0.96,3.54247136754098
"cpi",2018,2018,0.97,3.68277236748006
"cpi",2018,2018,0.98,3.86927810312866
"cpi",2018,2018,0.99,4.16323422634932
"cpi",2018,2019,0.01,-4.7568497558897
"cpi",2018,2019,0.02,-3.75014122650581
"cpi",2018,2019,0.03,-3.11141694072005
"cpi",2018,2019,0.04,-2.6309295408582
"cpi",2018,2019,0.05,-2.24009010760915
"cpi",2018,2019,0.06,-1.90742436389352
"cpi",2018,2019,0.07,-1.61574158457932
"cpi",2018,2019,0.08,-1.35457444510296
"cpi",2018,2019,0.09,-1.11705338075848
"cpi",2018,2019,0.1,-0.898414851814874
"cpi",2018,2019,0.11,-0.695213155020926
"cpi",2018,2019,0.12,-0.504870925414416
"cpi",2018,2019,0.13,-0.325407042467678
"cpi",2018,2019,0.14,-0.155263834331847
"cpi",2018,2019,0.15,0.00680707365196342
"cpi",2018,2019,0.16,0.161822704206445
"cpi",2018,2019,0.17,0.310623469436913
"cpi",2018,2019,0.18,0.453912559255682
"cpi",2018,2019,0.19,0.592284887665494
"cpi",2018,2019,0.2,0.726248763893998
"cpi",2018,2019,0.21,0.856242386230774
"cpi",2018,2019,0.22,0.982646581472866
"cpi",2018,2019,0.23,1.10579477563006
"cpi",2018,2019,0.24,1.22598089166159
"cpi",2018,2019,0.25,1.34346567381888
"cpi",2018,2019,0.26,1.45848180287281
"cpi",2018,2019,0.27,1.57123807160878
"cpi",2018,2019,0.28,1.68192282237771
"cpi",2018,2019,0.29,1.79070679965569
"cpi",2018,2019,0.3,1.89774553482197
"cpi",2018,2019,0.31,2.00318135388889
"cpi",2018,2019,0.32,2.10714507908818
"cpi",2018,2019,0.33,2.20975748021348
"cpi",2018,2019,0.34,2.31113052015793
"cpi",2018,2019,0.35,2.41136843025357
"cpi",2018,2019,0.36,2.51056864415706
"cpi",2018,2019,0.37,2.60882261365552
"cpi",2018,2019,0.38,2.70621652553228
"cpi",2018,2019,0.39,2.80283193527445
"cpi",2018,2019,0.4,2.89874633072571
"cpi",2018,2019,0.41,2.99403363664048
"cpi",2018,2019,0.42,3.08876466936737
"cpi",2018,2019,0.43,3.18300754949413
"cpi",2018,2019,0.44,3.27682807915799
"cpi",2018,2019,0.45,3.37029008981099
"cpi",2018,2019,0.46,3.463455765493
"cpi",2018,2019,0.47,3.55638594607184
"cpi",2018,2019,0.48,3.64914041443861
"cpi",2018,2019,0.49,3.74177817127716
"cpi",2018,2019,0.5,3.83435770074705
"cpi",2018,2019,0.51,3.92693723021695
"cpi",2018,2019,0.52,4.0195749870555
"cpi",2018,2019,0.53,4.11232945542227
"cpi",2018,2019,0.54,4.20525963600111
"cpi",2018,2019,0.55,4.29842531168312
"cpi",2018,2019,0.56,4.39188732233612
"cpi",2018,2019,0.57,4.48570785199998
"cpi",2018,2019,0.58,4.57995073212675
"cpi",2018,2019,0.59,4.67468176485363
"cpi",2018,2019,0.6,4.7699690707684
"cpi",2018,2019,0.61,4.86588346621966
"cpi",2018,2019,0.62,4.96249887596182
"cpi",2018,2019,0.63,5.05989278783859
"cpi",2018,2019,0.64,5.15814675733705
"cpi",2018,2019,0.65,5.25734697124054
"cpi",2018,2019,0.66,5.35758488133618
"cpi",2018,2019,0.67,5.45895792128063
"cpi",2018,2019,0.68,5.56157032240593
"cpi",2018,2019,0.69,5.66553404760522
"cpi",2018,2019,0.7,5.77096986667214
"cpi",2018,2019,0.71,5.87800860183842
"cpi",2018,2019,0.72,5.9867925791164
"cpi",2018,2019,0.73,6.09747732988533
"cpi",2018,2019,0.74,6.2102335986213
"cpi",2018,2019,0.75,6.32524972767523
"cpi",2018,2019,0.76,6.44273450983252
"cpi",2018,2019,0.77,6.56292062586405
"cpi",2018,2019,0.78,6.68606882002124
"cpi",2018,2019,0.79,6.81247301526334
"cpi",2018,2019,0.8,6.94246663760011
"cpi",2018,2019,0.81,7.07643051382862
"cpi",2018,2019,0.82,7.21480284223843
"cpi",2018,2019,0.83,7.3580919320572
"cpi",2018,2019,0.84,7.50689269728767
"cpi",2018,2019,0.85,7.66190832784215
"cpi",2018,2019,0.86,7.82397923582596
"cpi",2018,2019,0.87,7.99412244396179
"cpi",2018,2019,0.88,8.17358632690853
"cpi",2018,2019,0.89,8.36392855651503
"cpi",2018,2019,0.9,8.56713025330898
"cpi",2018,2019,0.91,8.78576878225259
"cpi",2018,2019,0.92,9.02328984659707
"cpi",2018,2019,0.93,9.28445698607343
"cpi",2018,2019,0.94,9.57613976538763
"cpi",2018,2019,0.95,9.90880550910326
"cpi",2018,2019,0.96,10.2996449423523
"cpi",2018,2019,0.97,10.7801323422142
"cpi",2018,2019,0.98,11.4188566279999
"cpi",2018,2019,0.99,12.4255651573838
"gdp",2018,2018,0.01,-1.33340358248179
"gdp",2018,2018,0.02,-1.03317676884264
"gdp",2018,2018,0.03,-0.842692481168268
"gdp",2018,2018,0.04,-0.699398571517408
"gdp",2018,2018,0.05,-0.582840030227702
"gdp",2018,2018,0.06,-0.483630404673254
"gdp",2018,2018,0.07,-0.39664297100116
"gdp",2018,2018,0.08,-0.318756099256637
"gdp",2018,2018,0.09,-0.24792110557285
"gdp",2018,2018,0.1,-0.182717377812976
"gdp",2018,2018,0.11,-0.122117317146109
"gdp",2018,2018,0.12,-0.0653522859302642
"gdp",2018,2018,0.13,-0.0118314622084437
"gdp",2018,2018,0.14,0.0389096925051515
"gdp",2018,2018,0.15,0.0872434761846861
"gdp",2018,2018,0.16,0.133473191606009
"gdp",2018,2018,0.17,0.177849471639667
"gdp",2018,2018,0.18,0.220582025909243
"gdp",2018,2018,0.19,0.261848273330165
"gdp",2018,2018,0.2,0.301799805008801
"gdp",2018,2018,0.21,0.340567303136056
"gdp",2018,2018,0.22,0.378264340223226
"gdp",2018,2018,0.23,0.414990352627091
"gdp",2018,2018,0.24,0.450832995861567
"gdp",2018,2018,0.25,0.485870030682123
"gdp",2018,2018,0.26,0.520170848580332
"gdp",2018,2018,0.27,0.553797717025718
"gdp",2018,2018,0.28,0.586806804633366
"gdp",2018,2018,0.29,0.619249031871821
"gdp",2018,2018,0.3,0.65117078226625
"gdp",2018,2018,0.31,0.682614501156035
"gdp",2018,2018,0.32,0.713619203152296
"gdp",2018,2018,0.33,0.744220904966189
"gdp",2018,2018,0.34,0.774452996860816
"gdp",2018,2018,0.35,0.804346563345524
"gdp",2018,2018,0.36,0.833930661685084
"gdp",2018,2018,0.37,0.863232565194311
"gdp",2018,2018,0.38,0.892277977026182
"gdp",2018,2018,0.39,0.921091219160014
"gdp",2018,2018,0.4,0.949695400497465
"gdp",2018,2018,0.41,0.97811256733379
"gdp",2018,2018,0.42,1.00636383895632
"gdp",2018,2018,0.43,1.03446953070599
"gdp",2018,2018,0.44,1.06244926650118
"gdp",2018,2018,0.45,1.09032208255036
"gdp",2018,2018,0.46,1.11810652376063
"gdp",2018,2018,0.47,1.14582073417183
"gdp",2018,2018,0.48,1.17348254260569
"gdp",2018,2018,0.49,1.20110954460928
"gdp",2018,2018,0.5,1.22871918168861
"gdp",2018,2018,0.51,1.25632881876794
"gdp",2018,2018,0.52,1.28395582077153
"gdp",2018,2018,0.53,1.31161762920539
"gdp",2018,2018,0.54,1.33933183961659
"gdp",2018,2018,0.55,1.36711628082687
"gdp",2018,2018,0.56,1.39498909687605
"gdp",2018,2018,0.57,1.42296883267123
"gdp",2018,2018,0.58,1.45107452442091
"gdp",2018,2018,0.59,1.47932579604343
"gdp",2018,2018,0.6,1.50774296287976
"gdp",2018,2018,0.61,1.53634714421721
"gdp",2018,2018,0.62,1.56516038635104
"gdp",2018,2018,0.63,1.59420579818291
"gdp",2018,2018,0.64,1.62350770169214
"gdp",2018,2018,0.65,1.6530918000317
"gdp",2018,2018,0.66,1.68298536651641
"gdp",2018,2018,0.67,1.71321745841103
"gdp",2018,2018,0.68,1.74381916022493
"gdp",2018,2018,0.69,1.77482386222119
"gdp",2018,2018,0.7,1.80626758111097
"gdp",2018,2018,0.71,1.8381893315054
"gdp",2018,2018,0.72,1.87063155874386
"gdp",2018,2018,0.73,1.9036406463515
"gdp",2018,2018,0.74,1.93726751479689
"gdp",2018,2018,0.75,1.9715683326951
"gdp",2018,2018,0.76,2.00660536751566
"gdp",2018,2018,0.77,2.04244801075013
"gdp",2018,2018,0.78,2.079174023154
"gdp",2018,2018,0.79,2.11687106024117
"gdp",2018,2018,0.8,2.15563855836842
"gdp",2018,2018,0.81,2.19559009004706
"gdp",2018,2018,0.82,2.23685633746798
"gdp",2018,2018,0.83,2.27958889173756
"gdp",2018,2018,0.84,2.32396517177121
"gdp",2018,2018,0.85,2.37019488719254
"gdp",2018,2018,0.86,2.41852867087207
"gdp",2018,2018,0.87,2.46926982558567
"gdp",2018,2018,0.88,2.52279064930749
"gdp",2018,2018,0.89,2.57955568052333
"gdp",2018,2018,0.9,2.6401557411902
"gdp",2018,2018,0.91,2.70535946895007
"gdp",2018,2018,0.92,2.77619446263386
"gdp",2018,2018,0.93,2.85408133437838
"gdp",2018,2018,0.94,2.94106876805048
"gdp",2018,2018,0.95,3.04027839360492
"gdp",2018,2018,0.96,3.15683693489463
"gdp",2018,2018,0.97,3.30013084454549
"gdp",2018,2018,0.98,3.49061513221986
"gdp",2018,2018,0.99,3.79084194585901
"gdp",2018,2019,0.01,-3.38526467530959
"gdp",2018,2019,0.02,-2.73348130869231
"gdp",2018,2019,0.03,-2.31994565941711
"gdp",2018,2019,0.04,-2.00885889899123
"gdp",2018,2019,0.05,-1.75581381774437
"gdp",2018,2019,0.06,-1.54043270983828
"gdp",2018,2019,0.07,-1.35158561225578
"gdp",2018,2019,0.08,-1.18249556041935
"gdp",2018,2019,0.09,-1.02871492338063
"gdp",2018,2019,0.1,-0.887159594993452
"gdp",2018,2019,0.11,-0.755598689157324
"gdp",2018,2019,0.12,-0.632363516710444
"gdp",2018,2019,0.13,-0.516171420985557
"gdp",2018,2019,0.14,-0.406013902926477
"gdp",2018,2019,0.15,-0.301082714848579
"gdp",2018,2019,0.16,-0.200719395563965
"gdp",2018,2019,0.17,-0.104379828662215
"gdp",2018,2019,0.18,-0.0116087408690495
"gdp",2018,2019,0.19,0.0779790389353132
"gdp",2018,2019,0.2,0.164712610475381
"gdp",2018,2019,0.21,0.248875680850172
"gdp",2018,2019,0.22,0.330714812559783
"gdp",2018,2019,0.23,0.410445878938783
"gdp",2018,2019,0.24,0.488259177466833
"gdp",2018,2019,0.25,0.564323524401136
"gdp",2018,2019,0.26,0.638789566579139
"gdp",2018,2019,0.27,0.711792484801071
"gdp",2018,2019,0.28,0.783454219437926
"gdp",2018,2019,0.29,0.853885317292688
"gdp",2018,2019,0.3,0.923186475600968
"gdp",2018,2019,0.31,0.991449841915691
"gdp",2018,2019,0.32,1.05876011578209
"gdp",2018,2019,0.33,1.12519548839491
"gdp",2018,2019,0.34,1.1908284490093
"gdp",2018,2019,0.35,1.25572648115849
"gdp",2018,2019,0.36,1.31995266728879
"gdp",2018,2019,0.37,1.38356621694493
"gdp",2018,2019,0.38,1.44662293089758
"gdp",2018,2019,0.39,1.50917561143104
"gdp",2018,2019,0.4,1.57127442727453
"gdp",2018,2019,0.41,1.63296724027079
"gdp",2018,2019,0.42,1.6942998997563
"gdp",2018,2019,0.43,1.75531650972416
"gdp",2018,2019,0.44,1.81605967310984
"gdp",2018,2019,0.45,1.87657071694843
"gdp",2018,2019,0.46,1.93688990167447
"gdp",2018,2019,0.47,1.99705661745178
"gdp",2018,2019,0.48,2.05710957011513
"gdp",2018,2019,0.49,2.11708695906709
"gdp",2018,2019,0.5,2.17702664929168
"gdp",2018,2019,0.51,2.23696633951628
"gdp",2018,2019,0.52,2.29694372846823
"gdp",2018,2019,0.53,2.35699668113158
"gdp",2018,2019,0.54,2.41716339690889
"gdp",2018,2019,0.55,2.47748258163494
"gdp",2018,2019,0.56,2.53799362547353
"gdp",2018,2019,0.57,2.59873678885921
"gdp",2018,2019,0.58,2.65975339882707
"gdp",2018,2019,0.59,2.72108605831257
"gdp",2018,2019,0.6,2.78277887130884
"gdp",2018,2019,0.61,2.84487768715233
"gdp",2018,2019,0.62,2.90743036768578
"gdp",2018,2019,0.63,2.97048708163844
"gdp",2018,2019,0.64,3.03410063129458
"gdp",2018,2019,0.65,3.09832681742488
"gdp",2018,2019,0.66,3.16322484957406
"gdp",2018,2019,0.67,3.22885781018845
"gdp",2018,2019,0.68,3.29529318280128
"gdp",2018,2019,0.69,3.36260345666768
"gdp",2018,2019,0.7,3.4308668229824
"gdp",2018,2019,0.71,3.50016798129068
"gdp",2018,2019,0.72,3.57059907914544
"gdp",2018,2019,0.73,3.64226081378229
"gdp",2018,2019,0.74,3.71526373200423
"gdp",2018,2019,0.75,3.78972977418223
"gdp",2018,2019,0.76,3.86579412111653
"gdp",2018,2019,0.77,3.94360741964458
"gdp",2018,2019,0.78,4.02333848602358
"gdp",2018,2019,0.79,4.10517761773319
"gdp",2018,2019,0.8,4.18934068810799
"gdp",2018,2019,0.81,4.27607425964805
"gdp",2018,2019,0.82,4.36566203945242
"gdp",2018,2019,0.83,4.45843312724558
"gdp",2018,2019,0.84,4.55477269414733
"gdp",2018,2019,0.85,4.65513601343194
"gdp",2018,2019,0.86,4.76006720150984
"gdp",2018,2019,0.87,4.87022471956892
"gdp",2018,2019,0.88,4.98641681529381
"gdp",2018,2019,0.89,5.10965198774069
"gdp",2018,2019,0.9,5.24121289357682
"gdp",2018,2019,0.91,5.382768221964
"gdp",2018,2019,0.92,5.53654885900271
"gdp",2018,2019,0.93,5.70563891083915
"gdp",2018,2019,0.94,5.89448600842165
"gdp",2018,2019,0.95,6.10986711632774
"gdp",2018,2019,0.96,6.3629121975746
"gdp",2018,2019,0.97,6.67399895800047
"gdp",2018,2019,0.98,7.08753460727568
"gdp",2018,2019,0.99,7.73931797389296
"cpi",2019,2019,0.01,-1.59062414101701
"cpi",2019,2019,0.02,-1.29727250880388
"cpi",2019,2019,0.03,-1.11115030331896
"cpi",2019,2019,0.04,-0.97113781818229
"cpi",2019,2019,0.05,-0.857248462593906
"cpi",2019,2019,0.06,-0.760310733298912
"cpi",2019,2019,0.07,-0.675315308205368
"cpi",2019,2019,0.08,-0.59921204255338
"cpi",2019,2019,0.09,-0.529999167250639
"cpi",2019,2019,0.1,-0.466288602118607
"cpi",2019,2019,0.11,-0.407076280296458
"cpi",2019,2019,0.12,-0.351611165911931
"cpi",2019,2019,0.13,-0.299315966806038
"cpi",2019,2019,0.14,-0.249736782404799
"cpi",2019,2019,0.15,-0.202509840342024
"cpi",2019,2019,0.16,-0.157338783462696
"cpi",2019,2019,0.17,-0.11397871837848
"cpi",2019,2019,0.18,-0.0722247378073664
"cpi",2019,2019,0.19,-0.0319034857196429
"cpi",2019,2019,0.2,0.00713315756108912
"cpi",2019,2019,0.21,0.0450128816090501
"cpi",2019,2019,0.22,0.0818466581297957
"cpi",2019,2019,0.23,0.117731646391712
"cpi",2019,2019,0.24,0.152753494601126
"cpi",2019,2019,0.25,0.186988182795472
"cpi",2019,2019,0.26,0.220503513404079
"cpi",2019,2019,0.27,0.253360327974035
"cpi",2019,2019,0.28,0.285613508861496
"cpi",2019,2019,0.29,0.317312810458417
"cpi",2019,2019,0.3,0.348503554109185
"cpi",2019,2019,0.31,0.379227213156694
"cpi",2019,2019,0.32,0.409521908779106
"cpi",2019,2019,0.33,0.439422832906405
"cpi",2019,2019,0.34,0.468962611166069
"cpi",2019,2019,0.35,0.498171616233488
"cpi",2019,2019,0.36,0.527078239963288
"cpi",2019,2019,0.37,0.55570913111252
"cpi",2019,2019,0.38,0.584089404233038
"cpi",2019,2019,0.39,0.612242824331852
"cpi",2019,2019,0.4,0.640191971117746
"cpi",2019,2019,0.41,0.667958386026736
"cpi",2019,2019,0.42,0.695562704715357
"cpi",2019,2019,0.43,0.723024777304106
"cpi",2019,2019,0.44,0.750363778324428
"cpi",2019,2019,0.45,0.777598308056442
"cpi",2019,2019,0.46,0.80474648672965
"cpi",2019,2019,0.47,0.831826042886137
"cpi",2019,2019,0.48,0.858854397068358
"cpi",2019,2019,0.49,0.885848741886103
"cpi",2019,2019,0.5,0.912826119435628
"cpi",2019,2019,0.51,0.939803496985152
"cpi",2019,2019,0.52,0.966797841802897
"cpi",2019,2019,0.53,0.993826195985118
"cpi",2019,2019,0.54,1.02090575214161
"cpi",2019,2019,0.55,1.04805393081481
"cpi",2019,2019,0.56,1.07528846054683
"cpi",2019,2019,0.57,1.10262746156715
"cpi",2019,2019,0.58,1.1300895341559
"cpi",2019,2019,0.59,1.15769385284452
"cpi",2019,2019,0.6,1.18546026775351
"cpi",2019,2019,0.61,1.2134094145394
"cpi",2019,2019,0.62,1.24156283463822
"cpi",2019,2019,0.63,1.26994310775873
"cpi",2019,2019,0.64,1.29857399890797
"cpi",2019,2019,0.65,1.32748062263777
"cpi",2019,2019,0.66,1.35668962770519
"cpi",2019,2019,0.67,1.38622940596485
"cpi",2019,2019,0.68,1.41613033009215
"cpi",2019,2019,0.69,1.44642502571456
"cpi",2019,2019,0.7,1.47714868476207
"cpi",2019,2019,0.71,1.50833942841284
"cpi",2019,2019,0.72,1.54003873000976
"cpi",2019,2019,0.73,1.57229191089722
"cpi",2019,2019,0.74,1.60514872546718
"cpi",2019,2019,0.75,1.63866405607578
"cpi",2019,2019,0.76,1.67289874427013
"cpi",2019,2019,0.77,1.70792059247954
"cpi",2019,2019,0.78,1.74380558074146
"cpi",2019,2019,0.79,1.78063935726221
"cpi",2019,2019,0.8,1.81851908131017
"cpi",2019,2019,0.81,1.8575557245909
"cpi",2019,2019,0.82,1.89787697667862
"cpi",2019,2019,0.83,1.93963095724974
"cpi",2019,2019,0.84,1.98299102233395
"cpi",2019,2019,0.85,2.02816207921328
"cpi",2019,2019,0.86,2.07538902127605
"cpi",2019,2019,0.87,2.12496820567729
"cpi",2019,2019,0.88,2.17726340478319
"cpi",2019,2019,0.89,2.23272851916771
"cpi",2019,2019,0.9,2.29194084098986
"cpi",2019,2019,0.91,2.35565140612189
"cpi",2019,2019,0.92,2.42486428142464
"cpi",2019,2019,0.93,2.50096754707662
"cpi",2019,2019,0.94,2.58596297217017
"cpi",2019,2019,0.95,2.68290070146516
"cpi",2019,2019,0.96,2.79679005705355
"cpi",2019,2019,0.97,2.93680254219021
"cpi",2019,2019,0.98,3.12292474767514
"cpi",2019,2019,0.99,3.41627637988827
"cpi",2019,2020,0.01,-5.87563515899759
"cpi",2019,2020,0.02,-4.86917693065766
"cpi",2019,2020,0.03,-4.23061145285939
"cpi",2019,2020,0.04,-3.75024351806045
"cpi",2019,2020,0.05,-3.35950126042412
"cpi",2019,2020,0.06,-3.02691822841749
"cpi",2019,2020,0.07,-2.73530797109158
"cpi",2019,2020,0.08,-2.47420576640593
"cpi",2019,2020,0.09,-2.23674375765563
"cpi",2019,2020,0.1,-2.01815958948324
"cpi",2019,2020,0.11,-1.81500841535335
"cpi",2019,2020,0.12,-1.62471351112196
"cpi",2019,2020,0.13,-1.44529424883348
"cpi",2019,2020,0.14,-1.2751933439278
"cpi",2019,2020,0.15,-1.11316273213329
"cpi",2019,2020,0.16,-0.958185643592733
"cpi",2019,2020,0.17,-0.809421875155072
"cpi",2019,2020,0.18,-0.66616841174427
"cpi",2019,2020,0.19,-0.527830487272883
"cpi",2019,2020,0.2,-0.393899918895753
"cpi",2019,2020,0.21,-0.263938617273891
"cpi",2019,2020,0.22,-0.137565850296393
"cpi",2019,2020,0.23,-0.0144482748542116
"cpi",2019,2020,0.24,0.105707958932918
"cpi",2019,2020,0.25,0.223163530486779
"cpi",2019,2020,0.26,0.338151062726104
"cpi",2019,2020,0.27,0.450879296523506
"cpi",2019,2020,0.28,0.561536527401763
"cpi",2019,2020,0.29,0.670293457384243
"cpi",2019,2020,0.3,0.777305579179937
"cpi",2019,2020,0.31,0.882715183414251
"cpi",2019,2020,0.32,0.986653059792173
"cpi",2019,2020,0.33,1.08923994807996
"cpi",2019,2020,0.34,1.1905877833331
"cpi",2019,2020,0.35,1.29080077096825
"cpi",2019,2020,0.36,1.38997632041686
"cpi",2019,2020,0.37,1.48820586072811
"cpi",2019,2020,0.38,1.58557555725643
"cpi",2019,2020,0.39,1.68216694521153
"cpi",2019,2020,0.4,1.77805749317108
"cpi",2019,2020,0.41,1.87332110750934
"cpi",2019,2020,0.42,1.96802858696763
"cpi",2019,2020,0.43,2.06224803519669
"cpi",2019,2020,0.44,2.15604523797314
"cpi",2019,2020,0.45,2.24948401087841
"cpi",2019,2020,0.46,2.34262652249137
"cpi",2019,2020,0.47,2.43553359755305
"cpi",2019,2020,0.48,2.5282650040905
"cpi",2019,2020,0.49,2.6208797281181
"cpi",2019,2020,0.5,2.71343623925429
"cpi",2019,2020,0.51,2.80599275039047
"cpi",2019,2020,0.52,2.89860747441807
"cpi",2019,2020,0.53,2.99133888095553
"cpi",2019,2020,0.54,3.0842459560172
"cpi",2019,2020,0.55,3.17738846763016
"cpi",2019,2020,0.56,3.27082724053543
"cpi",2019,2020,0.57,3.36462444331188
"cpi",2019,2020,0.58,3.45884389154094
"cpi",2019,2020,0.59,3.55355137099923
"cpi",2019,2020,0.6,3.6488149853375
"cpi",2019,2020,0.61,3.74470553329704
"cpi",2019,2020,0.62,3.84129692125215
"cpi",2019,2020,0.63,3.93866661778047
"cpi",2019,2020,0.64,4.03689615809171
"cpi",2019,2020,0.65,4.13607170754032
"cpi",2019,2020,0.66,4.23628469517547
"cpi",2019,2020,0.67,4.33763253042861
"cpi",2019,2020,0.68,4.4402194187164
"cpi",2019,2020,0.69,4.54415729509432
"cpi",2019,2020,0.7,4.64956689932864
"cpi",2019,2020,0.71,4.75657902112433
"cpi",2019,2020,0.72,4.86533595110681
"cpi",2019,2020,0.73,4.97599318198507
"cpi",2019,2020,0.74,5.08872141578247
"cpi",2019,2020,0.75,5.20370894802179
"cpi",2019,2020,0.76,5.32116451957565
"cpi",2019,2020,0.77,5.44132075336278
"cpi",2019,2020,0.78,5.56443832880497
"cpi",2019,2020,0.79,5.69081109578246
"cpi",2019,2020,0.8,5.82077239740433
"cpi",2019,2020,0.81,5.95470296578146
"cpi",2019,2020,0.82,6.09304089025284
"cpi",2019,2020,0.83,6.23629435366365
"cpi",2019,2020,0.84,6.38505812210131
"cpi",2019,2020,0.85,6.54003521064186
"cpi",2019,2020,0.86,6.70206582243638
"cpi",2019,2020,0.87,6.87216672734205
"cpi",2019,2020,0.88,7.05158598963053
"cpi",2019,2020,0.89,7.24188089386193
"cpi",2019,2020,0.9,7.44503206799181
"cpi",2019,2020,0.91,7.6636162361642
"cpi",2019,2020,0.92,7.9010782449145
"cpi",2019,2020,0.93,8.16218044960015
"cpi",2019,2020,0.94,8.45379070692607
"cpi",2019,2020,0.95,8.78637373893269
"cpi",2019,2020,0.96,9.17711599656903
"cpi",2019,2020,0.97,9.65748393136796
"cpi",2019,2020,0.98,10.2960494091662
"cpi",2019,2020,0.99,11.3025076375062
"gdp",2019,2019,0.01,-1.50747935368367
"gdp",2019,2019,0.02,-1.20922505618723
"gdp",2019,2019,0.03,-1.01999226676452
"gdp",2019,2019,0.04,-0.877639810498557
"gdp",2019,2019,0.05,-0.761847068910342
"gdp",2019,2019,0.06,-0.663289259179892
"gdp",2019,2019,0.07,-0.576873340473604
"gdp",2019,2019,0.08,-0.499498192215598
"gdp",2019,2019,0.09,-0.429128590569304
"gdp",2019,2019,0.1,-0.36435325694256
"gdp",2019,2019,0.11,-0.30415134391769
"gdp",2019,2019,0.12,-0.247759263868523
"gdp",2019,2019,0.13,-0.194590076589439
"gdp",2019,2019,0.14,-0.144182295652687
"gdp",2019,2019,0.15,-0.0961660691140034
"gdp",2019,2019,0.16,-0.0502400869230206
"gdp",2019,2019,0.17,-0.00615536288883822
"gdp",2019,2019,0.18,0.0362964348017569
"gdp",2019,2019,0.19,0.0772915594065646
"gdp",2019,2019,0.2,0.116980606065269
"gdp",2019,2019,0.21,0.155493398375473
"gdp",2019,2019,0.22,0.192942762667247
"gdp",2019,2019,0.23,0.229427481991903
"gdp",2019,2019,0.24,0.265034635959047
"gdp",2019,2019,0.25,0.299841474429256
"gdp",2019,2019,0.26,0.333916932985998
"gdp",2019,2019,0.27,0.367322869996136
"gdp",2019,2019,0.28,0.400115085042094
"gdp",2019,2019,0.29,0.432344164040531
"gdp",2019,2019,0.3,0.464056185772841
"gdp",2019,2019,0.31,0.495293316708856
"gdp",2019,2019,0.32,0.526094315130321
"gdp",2019,2019,0.33,0.556494961115488
"gdp",2019,2019,0.34,0.586528425550537
"gdp",2019,2019,0.35,0.616225588716903
"gdp",2019,2019,0.36,0.64561531697061
"gdp",2019,2019,0.37,0.674724704438437
"gdp",2019,2019,0.38,0.703579285401421
"gdp",2019,2019,0.39,0.732203222041369
"gdp",2019,2019,0.4,0.76061947143246
"gdp",2019,2019,0.41,0.788849935023877
"gdp",2019,2019,0.42,0.816915593347403
"gdp",2019,2019,0.43,0.844836628270444
"gdp",2019,2019,0.44,0.872632534780507
"gdp",2019,2019,0.45,0.900322224016551
"gdp",2019,2019,0.46,0.927924119044027
"gdp",2019,2019,0.47,0.955456244694859
"gdp",2019,2019,0.48,0.98293631265387
"gdp",2019,2019,0.49,1.01038180286387
"gdp",2019,2019,0.5,1.03781004223867
"gdp",2019,2019,0.51,1.06523828161347
"gdp",2019,2019,0.52,1.09268377182347
"gdp",2019,2019,0.53,1.12016383978248
"gdp",2019,2019,0.54,1.14769596543331
"gdp",2019,2019,0.55,1.17529786046079
"gdp",2019,2019,0.56,1.20298754969683
"gdp",2019,2019,0.57,1.2307834562069
"gdp",2019,2019,0.58,1.25870449112994
"gdp",2019,2019,0.59,1.28677014945346
"gdp",2019,2019,0.6,1.31500061304488
"gdp",2019,2019,0.61,1.34341686243597
"gdp",2019,2019,0.62,1.37204079907592
"gdp",2019,2019,0.63,1.4008953800389
"gdp",2019,2019,0.64,1.43000476750673
"gdp",2019,2019,0.65,1.45939449576044
"gdp",2019,2019,0.66,1.4890916589268
"gdp",2019,2019,0.67,1.51912512336185
"gdp",2019,2019,0.68,1.54952576934702
"gdp",2019,2019,0.69,1.58032676776848
"gdp",2019,2019,0.7,1.6115638987045
"gdp",2019,2019,0.71,1.64327592043681
"gdp",2019,2019,0.72,1.67550499943525
"gdp",2019,2019,0.73,1.7082972144812
"gdp",2019,2019,0.74,1.74170315149134
"gdp",2019,2019,0.75,1.77577861004808
"gdp",2019,2019,0.76,1.81058544851829
"gdp",2019,2019,0.77,1.84619260248544
"gdp",2019,2019,0.78,1.88267732181009
"gdp",2019,2019,0.79,1.92012668610187
"gdp",2019,2019,0.8,1.95863947841207
"gdp",2019,2019,0.81,1.99832852507078
"gdp",2019,2019,0.82,2.03932364967558
"gdp",2019,2019,0.83,2.08177544736618
"gdp",2019,2019,0.84,2.12586017140036
"gdp",2019,2019,0.85,2.17178615359134
"gdp",2019,2019,0.86,2.21980238013003
"gdp",2019,2019,0.87,2.27021016106678
"gdp",2019,2019,0.88,2.32337934834586
"gdp",2019,2019,0.89,2.37977142839503
"gdp",2019,2019,0.9,2.4399733414199
"gdp",2019,2019,0.91,2.50474867504664
"gdp",2019,2019,0.92,2.57511827669294
"gdp",2019,2019,0.93,2.65249342495094
"gdp",2019,2019,0.94,2.73890934365723
"gdp",2019,2019,0.95,2.83746715338768
"gdp",2019,2019,0.96,2.9532598949759
"gdp",2019,2019,0.97,3.09561235124186
"gdp",2019,2019,0.98,3.28484514066457
"gdp",2019,2019,0.99,3.58309943816101
"gdp",2019,2020,0.01,-3.33531704212553
"gdp",2019,2020,0.02,-2.68688889766912
"gdp",2019,2020,0.03,-2.27548202928312
"gdp",2019,2020,0.04,-1.96599666779742
"gdp",2019,2020,0.05,-1.7142542010507
"gdp",2019,2020,0.06,-1.49998182267544
"gdp",2019,2020,0.07,-1.31210686399565
"gdp",2019,2020,0.08,-1.14388724659827
"gdp",2019,2020,0.09,-0.990898234856743
"gdp",2019,2020,0.1,-0.850071598852831
"gdp",2019,2020,0.11,-0.719187936544802
"gdp",2019,2020,0.12,-0.59658714877659
"gdp",2019,2020,0.13,-0.480993181685327
"gdp",2019,2020,0.14,-0.371402727722553
"gdp",2019,2020,0.15,-0.267011699866036
"gdp",2019,2020,0.16,-0.16716502652584
"gdp",2019,2020,0.17,-0.0713213922704159
"gdp",2019,2020,0.18,0.0209721325384922
"gdp",2019,2020,0.19,0.11009873625347
"gdp",2019,2020,0.2,0.196385824473731
"gdp",2019,2020,0.21,0.280115643843186
"gdp",2019,2020,0.22,0.361533487618183
"gdp",2019,2020,0.23,0.440854117869896
"gdp",2019,2020,0.24,0.51826685247287
"gdp",2019,2020,0.25,0.593939638659297
"gdp",2019,2020,0.26,0.668022347773365
"gdp",2019,2020,0.27,0.740649464737438
"gdp",2019,2020,0.28,0.811942302203155
"gdp",2019,2020,0.29,0.88201083790546
"gdp",2019,2020,0.3,0.950955250715098
"gdp",2019,2020,0.31,1.01886721383182
"gdp",2019,2020,0.32,1.08583099078821
"gdp",2019,2020,0.33,1.15192437026976
"gdp",2019,2020,0.34,1.21721946837459
"gdp",2019,2020,0.35,1.28178342124711
"gdp",2019,2020,0.36,1.34567898660055
"gdp",2019,2020,0.37,1.40896506918332
"gdp",2019,2020,0.38,1.4716971825173
"gdp",2019,2020,0.39,1.53392785707347
"gdp",2019,2020,0.4,1.59570700332465
"gdp",2019,2020,0.41,1.65708223673246
"gdp",2019,2020,0.42,1.71809917061214
"gdp",2019,2020,0.43,1.77880168192018
"gdp",2019,2020,0.44,1.83923215428251
"gdp",2019,2020,0.45,1.89943170199269
"gdp",2019,2020,0.46,1.95944037823435
"gdp",2019,2020,0.47,2.01929737040031
"gdp",2019,2020,0.48,2.07904118507714
"gdp",2019,2020,0.49,2.13870982502618
"gdp",2019,2020,0.5,2.19834096031173
"gdp",2019,2020,0.51,2.25797209559728
"gdp",2019,2020,0.52,2.31764073554632
"gdp",2019,2020,0.53,2.37738455022315
"gdp",2019,2020,0.54,2.43724154238911
"gdp",2019,2020,0.55,2.49725021863077
"gdp",2019,2020,0.56,2.55744976634095
"gdp",2019,2020,0.57,2.61788023870328
"gdp",2019,2020,0.58,2.67858275001132
"gdp",2019,2020,0.59,2.739599683891
"gdp",2019,2020,0.6,2.80097491729881
"gdp",2019,2020,0.61,2.86275406354999
"gdp",2019,2020,0.62,2.92498473810616
"gdp",2019,2020,0.63,2.98771685144014
"gdp",2019,2020,0.64,3.05100293402291
"gdp",2019,2020,0.65,3.11489849937635
"gdp",2019,2020,0.66,3.17946245224887
"gdp",2019,2020,0.67,3.2447575503537
"gdp",2019,2020,0.68,3.31085092983526
"gdp",2019,2020,0.69,3.37781470679164
"gdp",2019,2020,0.7,3.44572666990836
"gdp",2019,2020,0.71,3.514671082718
"gdp",2019,2020,0.72,3.58473961842031
"gdp",2019,2020,0.73,3.65603245588602
"gdp",2019,2020,0.74,3.7286595728501
"gdp",2019,2020,0.75,3.80274228196416
"gdp",2019,2020,0.76,3.87841506815059
"gdp",2019,2020,0.77,3.95582780275356
"gdp",2019,2020,0.78,4.03514843300528
"gdp",2019,2020,0.79,4.11656627678027
"gdp",2019,2020,0.8,4.20029609614973
"gdp",2019,2020,0.81,4.28658318436999
"gdp",2019,2020,0.82,4.37570978808497
"gdp",2019,2020,0.83,4.46800331289388
"gdp",2019,2020,0.84,4.5638469471493
"gdp",2019,2020,0.85,4.6636936204895
"gdp",2019,2020,0.86,4.76808464834601
"gdp",2019,2020,0.87,4.87767510230879
"gdp",2019,2020,0.88,4.99326906940005
"gdp",2019,2020,0.89,5.11586985716826
"gdp",2019,2020,0.9,5.24675351947629
"gdp",2019,2020,0.91,5.3875801554802
"gdp",2019,2020,0.92,5.54056916722173
"gdp",2019,2020,0.93,5.70878878461911
"gdp",2019,2020,0.94,5.89666374329891
"gdp",2019,2020,0.95,6.11093612167416
"gdp",2019,2020,0.96,6.36267858842089
"gdp",2019,2020,0.97,6.67216394990658
"gdp",2019,2020,0.98,7.08357081829258
"gdp",2019,2020,0.99,7.73199896274899
"cpi",2020,2020,0.01,-1.91009471280809
"cpi",2020,2020,0.02,-1.61787797452539
"cpi",2020,2020,0.03,-1.43247582285346
"cpi",2020,2020,0.04,-1.29300500615193
"cpi",2020,2020,0.05,-1.17955625604927
"cpi",2020,2020,0.06,-1.082993551225
"cpi",2020,2020,0.07,-0.99832694922791
"cpi",2020,2020,0.08,-0.922518105439619
"cpi",2020,2020,0.09,-0.853572995042416
"cpi",2020,2020,0.1,-0.790108907944707
"cpi",2020,2020,0.11,-0.731125661734429
"cpi",2020,2020,0.12,-0.675875126083251
"cpi",2020,2020,0.13,-0.623782242211156
"cpi",2020,2020,0.14,-0.574394865556232
"cpi",2020,2020,0.15,-0.527350631083988
"cpi",2020,2020,0.16,-0.482354328160849
"cpi",2020,2020,0.17,-0.439162010821263
"cpi",2020,2020,0.18,-0.397569564511146
"cpi",2020,2020,0.19,-0.3574043038659
"cpi",2020,2020,0.2,-0.318518682241975
"cpi",2020,2020,0.21,-0.280785504059752
"cpi",2020,2020,0.22,-0.244094226931606
"cpi",2020,2020,0.23,-0.208348067470692
"cpi",2020,2020,0.24,-0.173461708819205
"cpi",2020,2020,0.25,-0.139359464884838
"cpi",2020,2020,0.26,-0.105973795546554
"cpi",2020,2020,0.27,-0.0732440946358864
"cpi",2020,2020,0.28,-0.0411156921208862
"cpi",2020,2020,0.29,-0.00953902609517421
"cpi",2020,2020,0.3,0.0215310494502629
"cpi",2020,2020,0.31,0.0521358474097641
"cpi",2020,2020,0.32,0.082313341481508
"cpi",2020,2020,0.33,0.112098587447925
"cpi",2020,2020,0.34,0.141524084717228
"cpi",2020,2020,0.35,0.170620088461576
"cpi",2020,2020,0.36,0.199414880695594
"cpi",2020,2020,0.37,0.227935007079881
"cpi",2020,2020,0.38,0.256205485005242
"cpi",2020,2020,0.39,0.284249987538641
"cpi",2020,2020,0.4,0.312091007034399
"cpi",2020,2020,0.41,0.33975000159085
"cpi",2020,2020,0.42,0.36724752703105
"cpi",2020,2020,0.43,0.394603356681034
"cpi",2020,2020,0.44,0.421836590891442
"cpi",2020,2020,0.45,0.448965757983208
"cpi",2020,2020,0.46,0.476008908083825
"cpi",2020,2020,0.47,0.502983701148697
"cpi",2020,2020,0.48,0.529907490325162
"cpi",2020,2020,0.49,0.556797401709697
"cpi",2020,2020,0.5,0.583670411467541
"cpi",2020,2020,0.51,0.610543421225385
"cpi",2020,2020,0.52,0.63743333260992
"cpi",2020,2020,0.53,0.664357121786385
"cpi",2020,2020,0.54,0.691331914851257
"cpi",2020,2020,0.55,0.718375064951874
"cpi",2020,2020,0.56,0.74550423204364
"cpi",2020,2020,0.57,0.772737466254048
"cpi",2020,2020,0.58,0.800093295904032
"cpi",2020,2020,0.59,0.827590821344232
"cpi",2020,2020,0.6,0.855249815900683
"cpi",2020,2020,0.61,0.883090835396441
"cpi",2020,2020,0.62,0.91113533792984
"cpi",2020,2020,0.63,0.9394058158552
"cpi",2020,2020,0.64,0.967925942239488
"cpi",2020,2020,0.65,0.996720734473506
"cpi",2020,2020,0.66,1.02581673821785
"cpi",2020,2020,0.67,1.05524223548716
"cpi",2020,2020,0.68,1.08502748145357
"cpi",2020,2020,0.69,1.11520497552532
"cpi",2020,2020,0.7,1.14580977348482
"cpi",2020,2020,0.71,1.17687984903026
"cpi",2020,2020,0.72,1.20845651505597
"cpi",2020,2020,0.73,1.24058491757097
"cpi",2020,2020,0.74,1.27331461848164
"cpi",2020,2020,0.75,1.30670028781992
"cpi",2020,2020,0.76,1.34080253175429
"cpi",2020,2020,0.77,1.37568889040577
"cpi",2020,2020,0.78,1.41143504986669
"cpi",2020,2020,0.79,1.44812632699483
"cpi",2020,2020,0.8,1.48585950517706
"cpi",2020,2020,0.81,1.52474512680098
"cpi",2020,2020,0.82,1.56491038744623
"cpi",2020,2020,0.83,1.60650283375635
"cpi",2020,2020,0.84,1.64969515109593
"cpi",2020,2020,0.85,1.69469145401907
"cpi",2020,2020,0.86,1.74173568849131
"cpi",2020,2020,0.87,1.79112306514624
"cpi",2020,2020,0.88,1.84321594901833
"cpi",2020,2020,0.89,1.89846648466951
"cpi",2020,2020,0.9,1.95744973087979
"cpi",2020,2020,0.91,2.0209138179775
"cpi",2020,2020,0.92,2.0898589283747
"cpi",2020,2020,0.93,2.16566777216299
"cpi",2020,2020,0.94,2.25033437416009
"cpi",2020,2020,0.95,2.34689707898435
"cpi",2020,2020,0.96,2.46034582908702
"cpi",2020,2020,0.97,2.59981664578854
"cpi",2020,2020,0.98,2.78521879746047
"cpi",2020,2020,0.99,3.07743553574317
"cpi",2020,2021,0.01,-5.91271236842586
"cpi",2020,2021,0.02,-4.90837617981197
"cpi",2020,2021,0.03,-4.2711570681851
"cpi",2020,2021,0.04,-3.79180195221168
"cpi",2020,2021,0.05,-3.40188354455739
"cpi",2020,2021,0.06,-3.07000173828101
"cpi",2020,2021,0.07,-2.77900631874284
"cpi",2020,2021,0.08,-2.51845462796357
"cpi",2020,2021,0.09,-2.28149328958568
"cpi",2020,2021,0.1,-2.06336998931151
"cpi",2020,2021,0.11,-1.86064714379951
"cpi",2020,2021,0.12,-1.67075346173021
"cpi",2020,2021,0.13,-1.4917124911497
"cpi",2020,2021,0.14,-1.32197023091251
"cpi",2020,2021,0.15,-1.16028124819447
"cpi",2020,2021,0.16,-1.00563091691939
"cpi",2020,2021,0.17,-0.857180805439894
"cpi",2020,2021,0.18,-0.714229380933132
"cpi",2020,2021,0.19,-0.57618313133019
"cpi",2020,2021,0.2,-0.442534945250333
"cpi",2020,2021,0.21,-0.31284765703223
"cpi",2020,2021,0.22,-0.186741337309337
"cpi",2020,2021,0.23,-0.0638833458009
"cpi",2020,2021,0.24,0.0560195478134848
"cpi",2020,2021,0.25,0.1732274733331
"cpi",2020,2021,0.26,0.287972563209156
"cpi",2020,2021,0.27,0.400463118200197
"cpi",2020,2021,0.28,0.510887036822381
"cpi",2020,2021,0.29,0.619414661186996
"cpi",2020,2021,0.3,0.726201156158621
"cpi",2020,2021,0.31,0.831388512353829
"cpi",2020,2021,0.32,0.935107243717577
"cpi",2020,2021,0.33,1.03747783544562
"cpi",2020,2021,0.34,1.13861198658699
"cpi",2020,2021,0.35,1.23861368284925
"cpi",2020,2021,0.36,1.33758012828354
"cpi",2020,2021,0.37,1.43560255916795
"cpi",2020,2021,0.38,1.53276695918388
"cpi",2020,2021,0.39,1.62915469163033
"cpi",2020,2021,0.4,1.72484306174841
"cpi",2020,2021,0.41,1.81990582008652
"cpi",2020,2021,0.42,1.91441361611225
"cpi",2020,2021,0.43,2.00843440988504
"cpi",2020,2021,0.44,2.10203384847727
"cpi",2020,2021,0.45,2.19527561292012
"cpi",2020,2021,0.46,2.28822174071479
"cpi",2020,2021,0.47,2.38093292835803
"cpi",2020,2021,0.48,2.47346881786062
"cpi",2020,2021,0.49,2.56588827086945
"cpi",2020,2021,0.5,2.65824963372426
"cpi",2020,2021,0.51,2.75061099657907
"cpi",2020,2021,0.52,2.84303044958789
"cpi",2020,2021,0.53,2.93556633909048
"cpi",2020,2021,0.54,3.02827752673372
"cpi",2020,2021,0.55,3.12122365452839
"cpi",2020,2021,0.56,3.21446541897125
"cpi",2020,2021,0.57,3.30806485756347
"cpi",2020,2021,0.58,3.40208565133626
"cpi",2020,2021,0.59,3.49659344736199
"cpi",2020,2021,0.6,3.5916562057001
"cpi",2020,2021,0.61,3.68734457581818
"cpi",2020,2021,0.62,3.78373230826463
"cpi",2020,2021,0.63,3.88089670828056
"cpi",2020,2021,0.64,3.97891913916497
"cpi",2020,2021,0.65,4.07788558459927
"cpi",2020,2021,0.66,4.17788728086152
"cpi",2020,2021,0.67,4.27902143200289
"cpi",2020,2021,0.68,4.38139202373094
"cpi",2020,2021,0.69,4.48511075509468
"cpi",2020,2021,0.7,4.59029811128989
"cpi",2020,2021,0.71,4.69708460626152
"cpi",2020,2021,0.72,4.80561223062613
"cpi",2020,2021,0.73,4.91603614924832
"cpi",2020,2021,0.74,5.02852670423936
"cpi",2020,2021,0.75,5.14327179411541
"cpi",2020,2021,0.76,5.26047971963503
"cpi",2020,2021,0.77,5.38038261324941
"cpi",2020,2021,0.78,5.50324060475785
"cpi",2020,2021,0.79,5.62934692448074
"cpi",2020,2021,0.8,5.75903421269885
"cpi",2020,2021,0.81,5.8926823987787
"cpi",2020,2021,0.82,6.03072864838165
"cpi",2020,2021,0.83,6.17368007288841
"cpi",2020,2021,0.84,6.32213018436791
"cpi",2020,2021,0.85,6.47678051564298
"cpi",2020,2021,0.86,6.63846949836102
"cpi",2020,2021,0.87,6.80821175859821
"cpi",2020,2021,0.88,6.98725272917872
"cpi",2020,2021,0.89,7.17714641124802
"cpi",2020,2021,0.9,7.37986925676002
"cpi",2020,2021,0.91,7.59799255703419
"cpi",2020,2021,0.92,7.83495389541209
"cpi",2020,2021,0.93,8.09550558619135
"cpi",2020,2021,0.94,8.38650100572953
"cpi",2020,2021,0.95,8.71838281200591
"cpi",2020,2021,0.96,9.1083012196602
"cpi",2020,2021,0.97,9.58765633563361
"cpi",2020,2021,0.98,10.2248754472605
"cpi",2020,2021,0.99,11.2292116358744
"gdp",2020,2020,0.01,-11.4457792279724
"gdp",2020,2020,0.02,-11.1159488749293
"gdp",2020,2020,0.03,-10.9066820906229
"gdp",2020,2020,0.04,-10.7492588403936
"gdp",2020,2020,0.05,-10.6212071705318
"gdp",2020,2020,0.06,-10.5122150874288
"gdp",2020,2020,0.07,-10.4166503521854
"gdp",2020,2020,0.08,-10.3310835299102
"gdp",2020,2020,0.09,-10.2532639284851
"gdp",2020,2020,0.1,-10.181630857854
"gdp",2020,2020,0.11,-10.1150553939175
"gdp",2020,2020,0.12,-10.0526931083525
"gdp",2020,2020,0.13,-9.99389492184363
"gdp",2020,2020,0.14,-9.93815049059134
"gdp",2020,2020,0.15,-9.88505080658346
"gdp",2020,2020,0.16,-9.83426266020282
"gdp",2020,2020,0.17,-9.78551070519645
"gdp",2020,2020,0.18,-9.73856455375073
"gdp",2020,2020,0.19,-9.69322929275046
"gdp",2020,2020,0.2,-9.64933838361262
"gdp",2020,2020,0.21,-9.60674825837058
"gdp",2020,2020,0.22,-9.56533414581871
"gdp",2020,2020,0.23,-9.52498680478609
"gdp",2020,2020,0.24,-9.48560993658193
"gdp",2020,2020,0.25,-9.44711811293576
"gdp",2020,2020,0.26,-9.40943510008324
"gdp",2020,2020,0.27,-9.37249249073853
"gdp",2020,2020,0.28,-9.33622857784117
"gdp",2020,2020,0.29,-9.30058741996503
"gdp",2020,2020,0.3,-9.26551805998773
"gdp",2020,2020,0.31,-9.23097386729322
"gdp",2020,2020,0.32,-9.19691198027698
"gdp",2020,2020,0.33,-9.16329283083908
"gdp",2020,2020,0.34,-9.13007973630576
"gdp",2020,2020,0.35,-9.09723854711331
"gdp",2020,2020,0.36,-9.06473734083688
"gdp",2020,2020,0.37,-9.03254615490603
"gdp",2020,2020,0.38,-9.00063675173625
"gdp",2020,2020,0.39,-8.96898241110583
"gdp",2020,2020,0.4,-8.93755774548492
"gdp",2020,2020,0.41,-8.90633853472723
"gdp",2020,2020,0.42,-8.87530157710101
"gdp",2020,2020,0.43,-8.84442455409313
"gdp",2020,2020,0.44,-8.81368590679006
"gdp",2020,2020,0.45,-8.7830647219386
"gdp",2020,2020,0.46,-8.75254062603121
"gdp",2020,2020,0.47,-8.72209368595468
"gdp",2020,2020,0.48,-8.69170431489565
"gdp",2020,2020,0.49,-8.6613531823172
"gdp",2020,2020,0.5,-8.63102112691254
"gdp",2020,2020,0.51,-8.60068907150787
"gdp",2020,2020,0.52,-8.57033793892942
"gdp",2020,2020,0.53,-8.53994856787039
"gdp",2020,2020,0.54,-8.50950162779386
"gdp",2020,2020,0.55,-8.47897753188647
"gdp",2020,2020,0.56,-8.44835634703502
"gdp",2020,2020,0.57,-8.41761769973195
"gdp",2020,2020,0.58,-8.38674067672407
"gdp",2020,2020,0.59,-8.35570371909784
"gdp",2020,2020,0.6,-8.32448450834015
"gdp",2020,2020,0.61,-8.29305984271924
"gdp",2020,2020,0.62,-8.26140550208882
"gdp",2020,2020,0.63,-8.22949609891904
"gdp",2020,2020,0.64,-8.1973049129882
"gdp",2020,2020,0.65,-8.16480370671177
"gdp",2020,2020,0.66,-8.13196251751932
"gdp",2020,2020,0.67,-8.09874942298599
"gdp",2020,2020,0.68,-8.0651302735481
"gdp",2020,2020,0.69,-8.03106838653185
"gdp",2020,2020,0.7,-7.99652419383735
"gdp",2020,2020,0.71,-7.96145483386005
"gdp",2020,2020,0.72,-7.9258136759839
"gdp",2020,2020,0.73,-7.88954976308654
"gdp",2020,2020,0.74,-7.85260715374184
"gdp",2020,2020,0.75,-7.81492414088932
"gdp",2020,2020,0.76,-7.77643231724315
"gdp",2020,2020,0.77,-7.73705544903898
"gdp",2020,2020,0.78,-7.69670810800637
"gdp",2020,2020,0.79,-7.6552939954545
"gdp",2020,2020,0.8,-7.61270387021245
"gdp",2020,2020,0.81,-7.56881296107461
"gdp",2020,2020,0.82,-7.52347770007435
"gdp",2020,2020,0.83,-7.47653154862863
"gdp",2020,2020,0.84,-7.42777959362226
"gdp",2020,2020,0.85,-7.37699144724162
"gdp",2020,2020,0.86,-7.32389176323374
"gdp",2020,2020,0.87,-7.26814733198145
"gdp",2020,2020,0.88,-7.20934914547255
"gdp",2020,2020,0.89,-7.14698685990757
"gdp",2020,2020,0.9,-7.08041139597112
"gdp",2020,2020,0.91,-7.00877832534001
"gdp",2020,2020,0.92,-6.93095872391489
"gdp",2020,2020,0.93,-6.84539190163965
"gdp",2020,2020,0.94,-6.74982716639629
"gdp",2020,2020,0.95,-6.64083508329331
"gdp",2020,2020,0.96,-6.51278341343152
"gdp",2020,2020,0.97,-6.35536016320218
"gdp",2020,2020,0.98,-6.14609337889583
"gdp",2020,2020,0.99,-5.81626302585268
"gdp",2020,2021,0.01,-6.34518847138539
"gdp",2020,2021,0.02,-5.61017474650352
"gdp",2020,2021,0.03,-5.1438321033601
"gdp",2020,2021,0.04,-4.79302069844691
"gdp",2020,2021,0.05,-4.50766268341259
"gdp",2020,2021,0.06,-4.26477819371956
"gdp",2020,2021,0.07,-4.05181601067455
"gdp",2020,2021,0.08,-3.86113377604529
"gdp",2020,2021,0.09,-3.68771591263592
"gdp",2020,2021,0.1,-3.52808448519596
"gdp",2020,2021,0.11,-3.37972373160798
"gdp",2020,2021,0.12,-3.24075187719147
"gdp",2020,2021,0.13,-3.10972247470178
"gdp",2020,2021,0.14,-2.98549824343218
"gdp",2020,2021,0.15,-2.86716772541712
"gdp",2020,2021,0.16,-2.75398837637705
"gdp",2020,2021,0.17,-2.64534659822081
"gdp",2020,2021,0.18,-2.5407289809378
"gdp",2020,2021,0.19,-2.43970116846131
"gdp",2020,2021,0.2,-2.34189203623256
"gdp",2020,2021,0.21,-2.2469816487909
"gdp",2020,2021,0.22,-2.15469195850444
"gdp",2020,2021,0.23,-2.06477952580125
"gdp",2020,2021,0.24,-1.97702975290772
"gdp",2020,2021,0.25,-1.89125226634642
"gdp",2020,2021,0.26,-1.80727718222832
"gdp",2020,2021,0.27,-1.72495205765813
"gdp",2020,2021,0.28,-1.64413938092429
"gdp",2020,2021,0.29,-1.56471448880036
"gdp",2020,2021,0.3,-1.48656382538108
"gdp",2020,2021,0.31,-1.40958347620714
"gdp",2020,2021,0.32,-1.33367792591038
"gdp",2020,2021,0.33,-1.25875899856571
"gdp",2020,2021,0.34,-1.18474494830453
"gdp",2020,2021,0.35,-1.11155967419261
"gdp",2020,2021,0.36,-1.03913203838535
"gdp",2020,2021,0.37,-0.967395270495149
"gdp",2020,2021,0.38,-0.896286444196473
"gdp",2020,2021,0.39,-0.825746014545959
"gdp",2020,2021,0.4,-0.755717406450659
"gdp",2020,2021,0.41,-0.686146646285109
"gdp",2020,2021,0.42,-0.61698202991983
"gdp",2020,2021,0.43,-0.548173821442682
"gdp",2020,2021,0.44,-0.479673977678742
"gdp",2020,2021,0.45,-0.411435894281305
"gdp",2020,2021,0.46,-0.343414169705197
"gdp",2020,2021,0.47,-0.275564383806387
"gdp",2020,2021,0.48,-0.207842888156186
"gdp",2020,2021,0.49,-0.140206605427678
"gdp",2020,2021,0.5,-0.0726128354164911
"gdp",2020,2021,0.51,-0.00501906540530406
"gdp",2020,2021,0.52,0.0626172173232042
"gdp",2020,2021,0.53,0.130338712973405
"gdp",2020,2021,0.54,0.198188498872216
"gdp",2020,2021,0.55,0.266210223448323
"gdp",2020,2021,0.56,0.33444830684576
"gdp",2020,2021,0.57,0.4029481506097
"gdp",2020,2021,0.58,0.471756359086849
"gdp",2020,2021,0.59,0.540920975452127
"gdp",2020,2021,0.6,0.610491735617677
"gdp",2020,2021,0.61,0.680520343712977
"gdp",2020,2021,0.62,0.751060773363491
"gdp",2020,2021,0.63,0.822169599662167
"gdp",2020,2021,0.64,0.893906367552367
"gdp",2020,2021,0.65,0.96633400335963
"gdp",2020,2021,0.66,1.03951927747155
"gdp",2020,2021,0.67,1.11353332773272
"gdp",2020,2021,0.68,1.1884522550774
"gdp",2020,2021,0.69,1.26435780537416
"gdp",2020,2021,0.7,1.3413381545481
"gdp",2020,2021,0.71,1.41948881796738
"gdp",2020,2021,0.72,1.49891371009131
"gdp",2020,2021,0.73,1.57972638682514
"gdp",2020,2021,0.74,1.66205151139534
"gdp",2020,2021,0.75,1.74602659551344
"gdp",2020,2021,0.76,1.83180408207474
"gdp",2020,2021,0.77,1.91955385496827
"gdp",2020,2021,0.78,2.00946628767145
"gdp",2020,2021,0.79,2.10175597795792
"gdp",2020,2021,0.8,2.19666636539958
"gdp",2020,2021,0.81,2.29447549762833
"gdp",2020,2021,0.82,2.39550331010482
"gdp",2020,2021,0.83,2.50012092738783
"gdp",2020,2021,0.84,2.60876270554407
"gdp",2020,2021,0.85,2.72194205458414
"gdp",2020,2021,0.86,2.84027257259919
"gdp",2020,2021,0.87,2.9644968038688
"gdp",2020,2021,0.88,3.09552620635849
"gdp",2020,2021,0.89,3.234498060775
"gdp",2020,2021,0.9,3.38285881436298
"gdp",2020,2021,0.91,3.54249024180294
"gdp",2020,2021,0.92,3.71590810521231
"gdp",2020,2021,0.93,3.90659033984157
"gdp",2020,2021,0.94,4.11955252288658
"gdp",2020,2021,0.95,4.36243701257961
"gdp",2020,2021,0.96,4.64779502761393
"gdp",2020,2021,0.97,4.99860643252712
"gdp",2020,2021,0.98,5.46494907567053
"gdp",2020,2021,0.99,6.19996280055241
"cpi",2021,2021,0.01,-0.223670324989016
"cpi",2021,2021,0.02,0.0674563955391463
"cpi",2021,2021,0.03,0.252166965892913
"cpi",2021,2021,0.04,0.391117532908067
"cpi",2021,2021,0.05,0.504143100024813
"cpi",2021,2021,0.06,0.600345609662103
"cpi",2021,2021,0.07,0.684696390943603
"cpi",2021,2021,0.08,0.760222454949444
"cpi",2021,2021,0.09,0.828910388448216
"cpi",2021,2021,0.1,0.892137743789496
"cpi",2021,2021,0.11,0.950900972536137
"cpi",2021,2021,0.12,1.00594541436408
"cpi",2021,2021,0.13,1.05784398298702
"cpi",2021,2021,0.14,1.10704713639135
"cpi",2021,2021,0.15,1.15391588792882
"cpi",2021,2021,0.16,1.19874434704752
"cpi",2021,2021,0.17,1.24177554975337
"cpi",2021,2021,0.18,1.28321284921872
"cpi",2021,2021,0.19,1.32322828666262
"cpi",2021,2021,0.2,1.36196885835472
"cpi",2021,2021,0.21,1.39956128541366
"cpi",2021,2021,0.22,1.43611569788532
"cpi",2021,2021,0.23,1.47172851813816
"cpi",2021,2021,0.24,1.50648474478371
"cpi",2021,2021,0.25,1.54045978159238
"cpi",2021,2021,0.26,1.57372091674915
"cpi",2021,2021,0.27,1.60632853035126
"cpi",2021,2021,0.28,1.6383370885022
"cpi",2021,2021,0.29,1.66979596823408
"cpi",2021,2021,0.3,1.70075014715369
"cpi",2021,2021,0.31,1.73124078405128
"cpi",2021,2021,0.32,1.76130571097674
"cpi",2021,2021,0.33,1.79097985294851
"cpi",2021,2021,0.34,1.82029558814652
"cpi",2021,2021,0.35,1.84928305888604
"cpi",2021,2021,0.36,1.877970441685
"cpi",2021,2021,0.37,1.90638418318421
"cpi",2021,2021,0.38,1.93454920745538
"cpi",2021,2021,0.39,1.96248909926094
"cpi",2021,2021,0.4,1.99022626705493
"cpi",2021,2021,0.41,2.01778208889336
"cpi",2021,2021,0.42,2.0451770439226
"cpi",2021,2021,0.43,2.07243083171084
"cpi",2021,2021,0.44,2.09956248136118
"cpi",2021,2021,0.45,2.12659045208079
"cpi",2021,2021,0.46,2.15353272666715
"cpi",2021,2021,0.47,2.18040689920105
"cpi",2021,2021,0.48,2.20723025809966
"cpi",2021,2021,0.49,2.23401986557621
"cpi",2021,2021,0.5,2.26079263447199
"cpi",2021,2021,0.51,2.28756540336778
"cpi",2021,2021,0.52,2.31435501084433
"cpi",2021,2021,0.53,2.34117836974294
"cpi",2021,2021,0.54,2.36805254227684
"cpi",2021,2021,0.55,2.3949948168632
"cpi",2021,2021,0.56,2.42202278758281
"cpi",2021,2021,0.57,2.44915443723315
"cpi",2021,2021,0.58,2.47640822502139
"cpi",2021,2021,0.59,2.50380318005063
"cpi",2021,2021,0.6,2.53135900188906
"cpi",2021,2021,0.61,2.55909616968305
"cpi",2021,2021,0.62,2.58703606148861
"cpi",2021,2021,0.63,2.61520108575978
"cpi",2021,2021,0.64,2.64361482725899
"cpi",2021,2021,0.65,2.67230221005795
"cpi",2021,2021,0.66,2.70128968079747
"cpi",2021,2021,0.67,2.73060541599548
"cpi",2021,2021,0.68,2.76027955796725
"cpi",2021,2021,0.69,2.79034448489271
"cpi",2021,2021,0.7,2.8208351217903
"cpi",2021,2021,0.71,2.85178930070991
"cpi",2021,2021,0.72,2.88324818044179
"cpi",2021,2021,0.73,2.91525673859273
"cpi",2021,2021,0.74,2.94786435219484
"cpi",2021,2021,0.75,2.98112548735161
"cpi",2021,2021,0.76,3.01510052416028
"cpi",2021,2021,0.77,3.04985675080583
"cpi",2021,2021,0.78,3.08546957105867
"cpi",2021,2021,0.79,3.12202398353033
"cpi",2021,2021,0.8,3.15961641058927
"cpi",2021,2021,0.81,3.19835698228137
"cpi",2021,2021,0.82,3.23837241972527
"cpi",2021,2021,0.83,3.27980971919062
"cpi",2021,2021,0.84,3.32284092189647
"cpi",2021,2021,0.85,3.36766938101517
"cpi",2021,2021,0.86,3.41453813255264
"cpi",2021,2021,0.87,3.46374128595697
"cpi",2021,2021,0.88,3.51563985457991
"cpi",2021,2021,0.89,3.57068429640785
"cpi",2021,2021,0.9,3.62944752515449
"cpi",2021,2021,0.91,3.69267488049577
"cpi",2021,2021,0.92,3.76136281399455
"cpi",2021,2021,0.93,3.83688887800039
"cpi",2021,2021,0.94,3.92123965928189
"cpi",2021,2021,0.95,4.01744216891918
"cpi",2021,2021,0.96,4.13046773603592
"cpi",2021,2021,0.97,4.26941830305108
"cpi",2021,2021,0.98,4.45412887340484
"cpi",2021,2021,0.99,4.74525559393301
"cpi",2021,2022,0.01,-4.01790708396857
"cpi",2021,2022,0.02,-3.01789009409982
"cpi",2021,2022,0.03,-2.38341137559879
"cpi",2021,2022,0.04,-1.90611775062694
"cpi",2021,2022,0.05,-1.51787620687156
"cpi",2021,2022,0.06,-1.18742167514472
"cpi",2021,2022,0.07,-0.897677696175115
"cpi",2021,2022,0.08,-0.638246521163991
"cpi",2021,2022,0.09,-0.402304247046619
"cpi",2021,2022,0.1,-0.185118997094158
"cpi",2021,2022,0.11,0.016732028533359
"cpi",2021,2022,0.12,0.205809063186577
"cpi",2021,2022,0.13,0.384080058987506
"cpi",2021,2022,0.14,0.553092334020814
"cpi",2021,2022,0.15,0.714085965063609
"cpi",2021,2022,0.16,0.86807121474116
"cpi",2021,2022,0.17,1.015882908983
"cpi",2021,2022,0.18,1.15821956363446
"cpi",2021,2022,0.19,1.2956721383357
"cpi",2021,2022,0.2,1.42874556360921
"cpi",2021,2022,0.21,1.55787512506323
"cpi",2021,2022,0.22,1.68343911815877
"cpi",2021,2022,0.23,1.80576875264018
"cpi",2021,2022,0.24,1.92515599777599
"cpi",2021,2022,0.25,2.04185986466408
"cpi",2021,2022,0.26,2.15611148745827
"cpi",2021,2022,0.27,2.26811827110913
"cpi",2021,2022,0.28,2.37806730606571
"cpi",2021,2022,0.29,2.48612820187441
"cpi",2021,2022,0.3,2.59245545610543
"cpi",2021,2022,0.31,2.69719044873748
"cpi",2021,2022,0.32,2.8004631324337
"cpi",2021,2022,0.33,2.90239347423712
"cpi",2021,2022,0.34,3.00309269282936
"cpi",2021,2022,0.35,3.10266432672216
"cpi",2021,2022,0.36,3.20120516193572
"cpi",2021,2022,0.37,3.29880604238186
"cpi",2021,2022,0.38,3.39555258196482
"cpi",2021,2022,0.39,3.4915257940766
"cpi",2021,2022,0.4,3.58680265150319
"cpi",2021,2022,0.41,3.68145658762502
"cpi",2021,2022,0.42,3.77555794807805
"cpi",2021,2022,0.43,3.86917440065605
"cpi",2021,2022,0.44,3.96237131011281
"cpi",2021,2022,0.45,4.05521208361604
"cpi",2021,2022,0.46,4.14775849187149
"cpi",2021,2022,0.47,4.24007097034755
"cpi",2021,2022,0.48,4.33220890456151
"cpi",2021,2022,0.49,4.42423090302276
"cpi",2021,2022,0.5,4.51619506114965
"cpi",2021,2022,0.51,4.60815921927653
"cpi",2021,2022,0.52,4.70018121773778
"cpi",2021,2022,0.53,4.79231915195174
"cpi",2021,2022,0.54,4.8846316304278
"cpi",2021,2022,0.55,4.97717803868326
"cpi",2021,2022,0.56,5.07001881218648
"cpi",2021,2022,0.57,5.16321572164324
"cpi",2021,2022,0.58,5.25683217422124
"cpi",2021,2022,0.59,5.35093353467427
"cpi",2021,2022,0.6,5.4455874707961
"cpi",2021,2022,0.61,5.54086432822269
"cpi",2021,2022,0.62,5.63683754033447
"cpi",2021,2022,0.63,5.73358407991743
"cpi",2021,2022,0.64,5.83118496036357
"cpi",2021,2022,0.65,5.92972579557713
"cpi",2021,2022,0.66,6.02929742946993
"cpi",2021,2022,0.67,6.12999664806217
"cpi",2021,2022,0.68,6.23192698986559
"cpi",2021,2022,0.69,6.33519967356181
"cpi",2021,2022,0.7,6.43993466619386
"cpi",2021,2022,0.71,6.54626192042488
"cpi",2021,2022,0.72,6.65432281623358
"cpi",2021,2022,0.73,6.76427185119016
"cpi",2021,2022,0.74,6.87627863484102
"cpi",2021,2022,0.75,6.99053025763522
"cpi",2021,2022,0.76,7.10723412452331
"cpi",2021,2022,0.77,7.22662136965911
"cpi",2021,2022,0.78,7.34895100414052
"cpi",2021,2022,0.79,7.47451499723606
"cpi",2021,2022,0.8,7.60364455869008
"cpi",2021,2022,0.81,7.7367179839636
"cpi",2021,2022,0.82,7.87417055866483
"cpi",2021,2022,0.83,8.0165072133163
"cpi",2021,2022,0.84,8.16431890755813
"cpi",2021,2022,0.85,8.31830415723568
"cpi",2021,2022,0.86,8.47929778827848
"cpi",2021,2022,0.87,8.64831006331178
"cpi",2021,2022,0.88,8.82658105911271
"cpi",2021,2022,0.89,9.01565809376593
"cpi",2021,2022,0.9,9.21750911939345
"cpi",2021,2022,0.91,9.43469436934591
"cpi",2021,2022,0.92,9.67063664346328
"cpi",2021,2022,0.93,9.93006781847441
"cpi",2021,2022,0.94,10.219811797444
"cpi",2021,2022,0.95,10.5502663291708
"cpi",2021,2022,0.96,10.9385078729262
"cpi",2021,2022,0.97,11.4158014978981
"cpi",2021,2022,0.98,12.0502802163991
"cpi",2021,2022,0.99,13.0502972062679
"gdp",2021,2021,0.01,2.52883417172744
"gdp",2021,2021,0.02,2.93894857560038
"gdp",2021,2021,0.03,3.1991530161692
"gdp",2021,2021,0.04,3.39489468102169
"gdp",2021,2021,0.05,3.55411542515809
"gdp",2021,2021,0.06,3.68963728594573
"gdp",2021,2021,0.07,3.80846344631575
"gdp",2021,2021,0.08,3.91485810037029
"gdp",2021,2021,0.09,4.0116197815001
"gdp",2021,2021,0.1,4.10068906753887
"gdp",2021,2021,0.11,4.1834696741536
"gdp",2021,2021,0.12,4.2610115720798
"gdp",2021,2021,0.13,4.33412183311679
"gdp",2021,2021,0.14,4.40343502391727
"gdp",2021,2021,0.15,4.46945970918899
"gdp",2021,2021,0.16,4.53261020514709
"gdp",2021,2021,0.17,4.59322888011319
"gdp",2021,2021,0.18,4.65160220062979
"gdp",2021,2021,0.19,4.7079725236398
"gdp",2021,2021,0.2,4.76254692490527
"gdp",2021,2021,0.21,4.81550391829099
"gdp",2021,2021,0.22,4.86699864557861
"gdp",2021,2021,0.23,4.91716693834724
"gdp",2021,2021,0.24,4.96612853536504
"gdp",2021,2021,0.25,5.0139896590093
"gdp",2021,2021,0.26,5.06084509911528
"gdp",2021,2021,0.27,5.10677991399551
"gdp",2021,2021,0.28,5.15187083083437
"gdp",2021,2021,0.29,5.1961874077681
"gdp",2021,2021,0.3,5.23979300539912
"gdp",2021,2021,0.31,5.28274560470803
"gdp",2021,2021,0.32,5.32509850024833
"gdp",2021,2021,0.33,5.36690089139646
"gdp",2021,2021,0.34,5.40819838976081
"gdp",2021,2021,0.35,5.44903345725498
"gdp",2021,2021,0.36,5.48944578654556
"gdp",2021,2021,0.37,5.52947263339633
"gdp",2021,2021,0.38,5.56914910870605
"gdp",2021,2021,0.39,5.60850843666923
"gdp",2021,2021,0.4,5.64758218439778
"gdp",2021,2021,0.41,5.68640046746708
"gdp",2021,2021,0.42,5.72499213514553
"gdp",2021,2021,0.43,5.76338493849857
"gdp",2021,2021,0.44,5.80160568409778
"gdp",2021,2021,0.45,5.83968037569414
"gdp",2021,2021,0.46,5.87763434591344
"gdp",2021,2021,0.47,5.91549237979065
"gdp",2021,2021,0.48,5.95327883176804
"gdp",2021,2021,0.49,5.99101773763111
"gdp",2021,2021,0.5,6.02873292274295
"gdp",2021,2021,0.51,6.06644810785479
"gdp",2021,2021,0.52,6.10418701371786
"gdp",2021,2021,0.53,6.14197346569525
"gdp",2021,2021,0.54,6.17983149957246
"gdp",2021,2021,0.55,6.21778546979176
"gdp",2021,2021,0.56,6.25586016138812
"gdp",2021,2021,0.57,6.29408090698733
"gdp",2021,2021,0.58,6.33247371034037
"gdp",2021,2021,0.59,6.37106537801882
"gdp",2021,2021,0.6,6.40988366108812
"gdp",2021,2021,0.61,6.44895740881667
"gdp",2021,2021,0.62,6.48831673677985
"gdp",2021,2021,0.63,6.52799321208957
"gdp",2021,2021,0.64,6.56802005894034
"gdp",2021,2021,0.65,6.60843238823092
"gdp",2021,2021,0.66,6.64926745572509
"gdp",2021,2021,0.67,6.69056495408944
"gdp",2021,2021,0.68,6.73236734523757
"gdp",2021,2021,0.69,6.77472024077787
"gdp",2021,2021,0.7,6.81767284008678
"gdp",2021,2021,0.71,6.8612784377178
"gdp",2021,2021,0.72,6.90559501465153
"gdp",2021,2021,0.73,6.95068593149039
"gdp",2021,2021,0.74,6.99662074637062
"gdp",2021,2021,0.75,7.0434761864766
"gdp",2021,2021,0.76,7.09133731012086
"gdp",2021,2021,0.77,7.14029890713866
"gdp",2021,2021,0.78,7.19046719990729
"gdp",2021,2021,0.79,7.24196192719491
"gdp",2021,2021,0.8,7.29491892058063
"gdp",2021,2021,0.81,7.3494933218461
"gdp",2021,2021,0.82,7.40586364485611
"gdp",2021,2021,0.83,7.46423696537271
"gdp",2021,2021,0.84,7.52485564033882
"gdp",2021,2021,0.85,7.58800613629691
"gdp",2021,2021,0.86,7.65403082156863
"gdp",2021,2021,0.87,7.72334401236911
"gdp",2021,2021,0.88,7.7964542734061
"gdp",2021,2021,0.89,7.8739961713323
"gdp",2021,2021,0.9,7.95677677794703
"gdp",2021,2021,0.91,8.0458460639858
"gdp",2021,2021,0.92,8.14260774511561
"gdp",2021,2021,0.93,8.24900239917015
"gdp",2021,2021,0.94,8.36782855954017
"gdp",2021,2021,0.95,8.50335042032781
"gdp",2021,2021,0.96,8.66257116446421
"gdp",2021,2021,0.97,8.8583128293167
"gdp",2021,2021,0.98,9.11851726988552
"gdp",2021,2021,0.99,9.52863167375846
"gdp",2021,2022,0.01,-3.99514437166787
"gdp",2021,2022,0.02,-3.2662043267146
"gdp",2021,2022,0.03,-2.80371523875747
"gdp",2021,2022,0.04,-2.45580271330273
"gdp",2021,2022,0.05,-2.17280271307781
"gdp",2021,2022,0.06,-1.93192526434209
"gdp",2021,2022,0.07,-1.72072286358811
"gdp",2021,2022,0.08,-1.53161630410885
"gdp",2021,2022,0.09,-1.35963145420738
"gdp",2021,2022,0.1,-1.20131911804966
"gdp",2021,2022,0.11,-1.05418432215575
"gdp",2021,2022,0.12,-0.916360841618845
"gdp",2021,2022,0.13,-0.786414181702549
"gdp",2021,2022,0.14,-0.663216459455247
"gdp",2021,2022,0.15,-0.545863748612877
"gdp",2021,2022,0.16,-0.433619640803443
"gdp",2021,2022,0.17,-0.325875608315151
"gdp",2021,2022,0.18,-0.222122483626986
"gdp",2021,2022,0.19,-0.121929499910968
"gdp",2021,2022,0.2,-0.0249285993425752
"gdp",2021,2022,0.21,0.0691975097982702
"gdp",2021,2022,0.22,0.160724577536976
"gdp",2021,2022,0.23,0.249894031817646
"gdp",2021,2022,0.24,0.336918697116148
"gdp",2021,2022,0.25,0.421987373786121
"gdp",2021,2022,0.26,0.505268541905589
"gdp",2021,2022,0.27,0.586913384679956
"gdp",2021,2022,0.28,0.667058277512565
"gdp",2021,2022,0.29,0.745826853493279
"gdp",2021,2022,0.3,0.823331730174512
"gdp",2021,2022,0.31,0.899675963333402
"gdp",2021,2022,0.32,0.97495427906066
"gdp",2021,2022,0.33,1.04925412465232
"gdp",2021,2022,0.34,1.12265657048179
"gdp",2021,2022,0.35,1.1952370886342
"gdp",2021,2022,0.36,1.26706622911683
"gdp",2021,2022,0.37,1.33821021056982
"gdp",2021,2022,0.38,1.40873143933607
"gdp",2021,2022,0.39,1.47868896831791
"gdp",2021,2022,0.4,1.54813890510814
"gdp",2021,2022,0.41,1.61713477732898
"gdp",2021,2022,0.42,1.68572786186027
"gdp",2021,2022,0.43,1.75396748362862
"gdp",2021,2022,0.44,1.82190128881111
"gdp",2021,2022,0.45,1.88957549664613
"gdp",2021,2022,0.46,1.95703513350975
"gdp",2021,2022,0.47,2.02432425248654
"gdp",2021,2022,0.48,2.09148614132269
"gdp",2021,2022,0.49,2.15856352138184
"gdp",2021,2022,0.5,2.22559874002137
"gdp",2021,2022,0.51,2.29263395866091
"gdp",2021,2022,0.52,2.35971133872006
"gdp",2021,2022,0.53,2.4268732275562
"gdp",2021,2022,0.54,2.49416234653299
"gdp",2021,2022,0.55,2.56162198339661
"gdp",2021,2022,0.56,2.62929619123164
"gdp",2021,2022,0.57,2.69722999641412
"gdp",2021,2022,0.58,2.76546961818248
"gdp",2021,2022,0.59,2.83406270271377
"gdp",2021,2022,0.6,2.9030585749346
"gdp",2021,2022,0.61,2.97250851172484
"gdp",2021,2022,0.62,3.04246604070667
"gdp",2021,2022,0.63,3.11298726947293
"gdp",2021,2022,0.64,3.18413125092591
"gdp",2021,2022,0.65,3.25596039140855
"gdp",2021,2022,0.66,3.32854090956096
"gdp",2021,2022,0.67,3.40194335539042
"gdp",2021,2022,0.68,3.47624320098209
"gdp",2021,2022,0.69,3.55152151670934
"gdp",2021,2022,0.7,3.62786574986823
"gdp",2021,2022,0.71,3.70537062654947
"gdp",2021,2022,0.72,3.78413920253018
"gdp",2021,2022,0.73,3.86428409536279
"gdp",2021,2022,0.74,3.94592893813716
"gdp",2021,2022,0.75,4.02921010625662
"gdp",2021,2022,0.76,4.1142787829266
"gdp",2021,2022,0.77,4.2013034482251
"gdp",2021,2022,0.78,4.29047290250577
"gdp",2021,2022,0.79,4.38199997024447
"gdp",2021,2022,0.8,4.47612607938532
"gdp",2021,2022,0.81,4.57312697995371
"gdp",2021,2022,0.82,4.67331996366973
"gdp",2021,2022,0.83,4.7770730883579
"gdp",2021,2022,0.84,4.88481712084619
"gdp",2021,2022,0.85,4.99706122865562
"gdp",2021,2022,0.86,5.11441393949799
"gdp",2021,2022,0.87,5.23761166174529
"gdp",2021,2022,0.88,5.36755832166159
"gdp",2021,2022,0.89,5.50538180219849
"gdp",2021,2022,0.9,5.65251659809241
"gdp",2021,2022,0.91,5.81082893425013
"gdp",2021,2022,0.92,5.98281378415159
"gdp",2021,2022,0.93,6.17192034363086
"gdp",2021,2022,0.94,6.38312274438483
"gdp",2021,2022,0.95,6.62400019312056
"gdp",2021,2022,0.96,6.90700019334548
"gdp",2021,2022,0.97,7.25491271880022
"gdp",2021,2022,0.98,7.71740180675734
"gdp",2021,2022,0.99,8.44634185171062
"cpi",2022,2022,0.01,5.84038947321962
"cpi",2022,2022,0.02,6.13328305618174
"cpi",2022,2022,0.03,6.31911464410242
"cpi",2022,2022,0.04,6.45890850896599
"cpi",2022,2022,0.05,6.57262003382737
"cpi",2022,2022,0.06,6.66940640124323
"cpi",2022,2022,0.07,6.75426911157903
"cpi",2022,2022,0.08,6.83025354699452
"cpi",2022,2022,0.09,6.89935835095144
"cpi",2022,2022,0.1,6.96296943623255
"cpi",2022,2022,0.11,7.02208930191441
"cpi",2022,2022,0.12,7.07746781117624
"cpi",2022,2022,0.13,7.12968135477335
"cpi",2022,2022,0.14,7.17918312454386
"cpi",2022,2022,0.15,7.22633632484738
"cpi",2022,2022,0.16,7.27143685009675
"cpi",2022,2022,0.17,7.31472921129541
"cpi",2022,2022,0.18,7.35641799577614
"cpi",2022,2022,0.19,7.39667628888464
"cpi",2022,2022,0.2,7.43565197901818
"cpi",2022,2022,0.21,7.47347255637213
"cpi",2022,2022,0.22,7.51024881937703
"cpi",2022,2022,0.23,7.54607777559347
"cpi",2022,2022,0.24,7.58104493949375
"cpi",2022,2022,0.25,7.61522617247747
"cpi",2022,2022,0.26,7.64868917110495
"cpi",2022,2022,0.27,7.68149468192319
"cpi",2022,2022,0.28,7.71369750159317
"cpi",2022,2022,0.29,7.74534730681864
"cpi",2022,2022,0.3,7.77648934817769
"cpi",2022,2022,0.31,7.80716503425532
"cpi",2022,2022,0.32,7.83741242670599
"cpi",2022,2022,0.33,7.8672666625098
"cpi",2022,2022,0.34,7.89676031635146
"cpi",2022,2022,0.35,7.92592371348142
"cpi",2022,2022,0.36,7.95478520142231
"cpi",2022,2022,0.37,7.98337138732089
"cpi",2022,2022,0.38,8.0117073465143
"cpi",2022,2022,0.39,8.03981680690207
"cpi",2022,2022,0.4,8.06772231293623
"cpi",2022,2022,0.41,8.09544537241727
"cpi",2022,2022,0.42,8.12300658878052
"cpi",2022,2022,0.43,8.15042578115182
"cpi",2022,2022,0.44,8.17772209412283
"cpi",2022,2022,0.45,8.20491409893057
"cpi",2022,2022,0.46,8.23201988751099
"cpi",2022,2022,0.47,8.25905716072424
"cpi",2022,2022,0.48,8.28604331191173
"cpi",2022,2022,0.49,8.31299550683812
"cpi",2022,2022,0.5,8.33993076098957
"cpi",2022,2022,0.51,8.36686601514101
"cpi",2022,2022,0.52,8.39381821006741
"cpi",2022,2022,0.53,8.42080436125489
"cpi",2022,2022,0.54,8.44784163446814
"cpi",2022,2022,0.55,8.47494742304856
"cpi",2022,2022,0.56,8.5021394278563
"cpi",2022,2022,0.57,8.52943574082732
"cpi",2022,2022,0.58,8.55685493319861
"cpi",2022,2022,0.59,8.58441614956186
"cpi",2022,2022,0.6,8.6121392090429
"cpi",2022,2022,0.61,8.64004471507707
"cpi",2022,2022,0.62,8.66815417546483
"cpi",2022,2022,0.63,8.69649013465824
"cpi",2022,2022,0.64,8.72507632055682
"cpi",2022,2022,0.65,8.75393780849771
"cpi",2022,2022,0.66,8.78310120562767
"cpi",2022,2022,0.67,8.81259485946933
"cpi",2022,2022,0.68,8.84244909527314
"cpi",2022,2022,0.69,8.87269648772381
"cpi",2022,2022,0.7,8.90337217380144
"cpi",2022,2022,0.71,8.93451421516049
"cpi",2022,2022,0.72,8.96616402038596
"cpi",2022,2022,0.73,8.99836684005594
"cpi",2022,2022,0.74,9.03117235087418
"cpi",2022,2022,0.75,9.06463534950166
"cpi",2022,2022,0.76,9.09881658248538
"cpi",2022,2022,0.77,9.13378374638566
"cpi",2022,2022,0.78,9.1696127026021
"cpi",2022,2022,0.79,9.206388965607
"cpi",2022,2022,0.8,9.24420954296095
"cpi",2022,2022,0.81,9.28318523309449
"cpi",2022,2022,0.82,9.32344352620299
"cpi",2022,2022,0.83,9.36513231068372
"cpi",2022,2022,0.84,9.40842467188238
"cpi",2022,2022,0.85,9.45352519713175
"cpi",2022,2022,0.86,9.50067839743527
"cpi",2022,2022,0.87,9.55018016720578
"cpi",2022,2022,0.88,9.60239371080289
"cpi",2022,2022,0.89,9.65777222006472
"cpi",2022,2022,0.9,9.71689208574658
"cpi",2022,2022,0.91,9.78050317102769
"cpi",2022,2022,0.92,9.84960797498461
"cpi",2022,2022,0.93,9.9255924104001
"cpi",2022,2022,0.94,10.0104551207359
"cpi",2022,2022,0.95,10.1072414881518
"cpi",2022,2022,0.96,10.2209530130131
"cpi",2022,2022,0.97,10.3607468778767
"cpi",2022,2022,0.98,10.5465784657974
"cpi",2022,2022,0.99,10.8394720487595
"cpi",2022,2023,0.01,0.666143076985181
"cpi",2022,2023,0.02,1.6711518105659
"cpi",2022,2023,0.03,2.30879763041174
"cpi",2022,2023,0.04,2.78847374235666
"cpi",2022,2023,0.05,3.17865325547097
"cpi",2022,2023,0.06,3.51075730350357
"cpi",2022,2023,0.07,3.80194758558578
"cpi",2022,2023,0.08,4.06267375253171
"cpi",2022,2023,0.09,4.29979377000259
"cpi",2022,2023,0.1,4.51806313464187
"cpi",2022,2023,0.11,4.7209217317388
"cpi",2022,2023,0.12,4.91094257445565
"cpi",2022,2023,0.13,5.09010343826016
"cpi",2022,2023,0.14,5.25995936492108
"cpi",2022,2023,0.15,5.42175662125581
"cpi",2022,2023,0.16,5.57651051277605
"cpi",2022,2023,0.17,5.72506003257761
"cpi",2022,2023,0.18,5.86810718325868
"cpi",2022,2023,0.19,6.00624587432835
"cpi",2022,2023,0.2,6.13998355675006
"cpi",2022,2023,0.21,6.26975768892932
"cpi",2022,2023,0.22,6.39594845464906
"cpi",2022,2023,0.23,6.51888871693969
"cpi",2022,2023,0.24,6.63887190248074
"cpi",2022,2023,0.25,6.75615831526516
"cpi",2022,2023,0.26,6.87098024318961
"cpi",2022,2023,0.27,6.98354612649942
"cpi",2022,2023,0.28,7.09404398953537
"cpi",2022,2023,0.29,7.20264428847684
"cpi",2022,2023,0.3,7.30950229209321
"cpi",2022,2023,0.31,7.41476008608384
"cpi",2022,2023,0.32,7.5185482717912
"cpi",2022,2023,0.33,7.6209874150929
"cpi",2022,2023,0.34,7.72218928983629
"cpi",2022,2023,0.35,7.82225795136203
"cpi",2022,2023,0.36,7.92129066881312
"cpi",2022,2023,0.37,8.01937873956322
"cpi",2022,2023,0.38,8.11660820487195
"cpi",2022,2023,0.39,8.21306048252254
"cpi",2022,2023,0.4,8.30881292952289
"cpi",2022,2023,0.41,8.40393934580779
"cpi",2022,2023,0.42,8.49851042815463
"cpi",2022,2023,0.43,8.59259418213173
"cpi",2022,2023,0.44,8.68625629877144
"cpi",2022,2023,0.45,8.77956050174841
"cpi",2022,2023,0.46,8.8725688701067
"cpi",2022,2023,0.47,8.96534214098792
"cpi",2022,2023,0.48,9.05793999634163
"cpi",2022,2023,0.49,9.15042133723089
"cpi",2022,2023,0.5,9.24284454906657
"cpi",2022,2023,0.51,9.33526776090225
"cpi",2022,2023,0.52,9.42774910179151
"cpi",2022,2023,0.53,9.52034695714522
"cpi",2022,2023,0.54,9.61312022802644
"cpi",2022,2023,0.55,9.70612859638473
"cpi",2022,2023,0.56,9.7994327993617
"cpi",2022,2023,0.57,9.89309491600141
"cpi",2022,2023,0.58,9.98717866997851
"cpi",2022,2023,0.59,10.0817497523254
"cpi",2022,2023,0.6,10.1768761686103
"cpi",2022,2023,0.61,10.2726286156106
"cpi",2022,2023,0.62,10.3690808932612
"cpi",2022,2023,0.63,10.4663103585699
"cpi",2022,2023,0.64,10.56439842932
"cpi",2022,2023,0.65,10.6634311467711
"cpi",2022,2023,0.66,10.7634998082969
"cpi",2022,2023,0.67,10.8647016830402
"cpi",2022,2023,0.68,10.9671408263419
"cpi",2022,2023,0.69,11.0709290120493
"cpi",2022,2023,0.7,11.1761868060399
"cpi",2022,2023,0.71,11.2830448096563
"cpi",2022,2023,0.72,11.3916451085978
"cpi",2022,2023,0.73,11.5021429716337
"cpi",2022,2023,0.74,11.6147088549435
"cpi",2022,2023,0.75,11.729530782868
"cpi",2022,2023,0.76,11.8468171956524
"cpi",2022,2023,0.77,11.9668003811935
"cpi",2022,2023,0.78,12.0897406434841
"cpi",2022,2023,0.79,12.2159314092038
"cpi",2022,2023,0.8,12.3457055413831
"cpi",2022,2023,0.81,12.4794432238048
"cpi",2022,2023,0.82,12.6175819148745
"cpi",2022,2023,0.83,12.7606290655555
"cpi",2022,2023,0.84,12.9091785853571
"cpi",2022,2023,0.85,13.0639324768773
"cpi",2022,2023,0.86,13.2257297332121
"cpi",2022,2023,0.87,13.395585659873
"cpi",2022,2023,0.88,13.5747465236775
"cpi",2022,2023,0.89,13.7647673663943
"cpi",2022,2023,0.9,13.9676259634913
"cpi",2022,2023,0.91,14.1858953281306
"cpi",2022,2023,0.92,14.4230153456014
"cpi",2022,2023,0.93,14.6837415125474
"cpi",2022,2023,0.94,14.9749317946296
"cpi",2022,2023,0.95,15.3070358426622
"cpi",2022,2023,0.96,15.6972153557765
"cpi",2022,2023,0.97,16.1768914677214
"cpi",2022,2023,0.98,16.8145372875672
"cpi",2022,2023,0.99,17.819546021148
"gdp",2022,2022,0.01,0.199399528089086
"gdp",2022,2022,0.02,0.611868131536121
"gdp",2022,2022,0.03,0.87356623625665
"gdp",2022,2022,0.04,1.07043152646752
"gdp",2022,2022,0.05,1.23056625315243
"gdp",2022,2022,0.06,1.36686605664077
"gdp",2022,2022,0.07,1.48637432057383
"gdp",2022,2022,0.08,1.59337971701365
"gdp",2022,2022,0.09,1.69069684390775
"gdp",2022,2022,0.1,1.78027741868273
"gdp",2022,2022,0.11,1.86353321482261
"gdp",2022,2022,0.12,1.94152023026077
"gdp",2022,2022,0.13,2.01505016966987
"gdp",2022,2022,0.14,2.08476124233629
"gdp",2022,2022,0.15,2.1511649323064
"gdp",2022,2022,0.16,2.21467793411478
"gdp",2022,2022,0.17,2.27564458139652
"gdp",2022,2022,0.18,2.33435298511185
"gdp",2022,2022,0.19,2.39104689341701
"gdp",2022,2022,0.2,2.44593457076106
"gdp",2022,2022,0.21,2.49919555574058
"gdp",2022,2022,0.22,2.5509858807051
"gdp",2022,2022,0.23,2.60144215695432
"gdp",2022,2022,0.24,2.65068481059866
"gdp",2022,2022,0.25,2.69882067376886
"gdp",2022,2022,0.26,2.74594508042685
"gdp",2022,2022,0.27,2.79214357714952
"gdp",2022,2022,0.28,2.83749333156204
"gdp",2022,2022,0.29,2.88206430108856
"gdp",2022,2022,0.3,2.92592021004345
"gdp",2022,2022,0.31,2.96911937223834
"gdp",2022,2022,0.32,3.01171538815602
"gdp",2022,2022,0.33,3.05375773959452
"gdp",2022,2022,0.34,3.09529229998874
"gdp",2022,2022,0.35,3.13636177499845
"gdp",2022,2022,0.36,3.17700608514
"gdp",2022,2022,0.37,3.21726270003822
"gdp",2022,2022,0.38,3.25716693214067
"gdp",2022,2022,0.39,3.2967521963603
"gdp",2022,2022,0.4,3.33605024101525
"gdp",2022,2022,0.41,3.37509135455478
"gdp",2022,2022,0.42,3.41390455185218
"gdp",2022,2022,0.43,3.45251774327364
"gdp",2022,2022,0.44,3.49095788926982
"gdp",2022,2022,0.45,3.52925114286228
"gdp",2022,2022,0.46,3.56742298209491
"gdp",2022,2022,0.47,3.60549833427743
"gdp",2022,2022,0.48,3.64350169365507
"gdp",2022,2022,0.49,3.68145723398713
"gdp",2022,2022,0.5,3.71938891740259
"gdp",2022,2022,0.51,3.75732060081805
"gdp",2022,2022,0.52,3.79527614115011
"gdp",2022,2022,0.53,3.83327950052775
"gdp",2022,2022,0.54,3.87135485271027
"gdp",2022,2022,0.55,3.9095266919429
"gdp",2022,2022,0.56,3.94781994553536
"gdp",2022,2022,0.57,3.98626009153154
"gdp",2022,2022,0.58,4.024873282953
"gdp",2022,2022,0.59,4.0636864802504
"gdp",2022,2022,0.6,4.10272759378994
"gdp",2022,2022,0.61,4.14202563844488
"gdp",2022,2022,0.62,4.18161090266451
"gdp",2022,2022,0.63,4.22151513476696
"gdp",2022,2022,0.64,4.26177174966518
"gdp",2022,2022,0.65,4.30241605980673
"gdp",2022,2022,0.66,4.34348553481644
"gdp",2022,2022,0.67,4.38502009521066
"gdp",2022,2022,0.68,4.42706244664916
"gdp",2022,2022,0.69,4.46965846256684
"gdp",2022,2022,0.7,4.51285762476173
"gdp",2022,2022,0.71,4.55671353371662
"gdp",2022,2022,0.72,4.60128450324314
"gdp",2022,2022,0.73,4.64663425765566
"gdp",2022,2022,0.74,4.69283275437833
"gdp",2022,2022,0.75,4.73995716103632
"gdp",2022,2022,0.76,4.78809302420652
"gdp",2022,2022,0.77,4.83733567785086
"gdp",2022,2022,0.78,4.88779195410008
"gdp",2022,2022,0.79,4.9395822790646
"gdp",2022,2022,0.8,4.99284326404412
"gdp",2022,2022,0.81,5.04773094138817
"gdp",2022,2022,0.82,5.10442484969333
"gdp",2022,2022,0.83,5.16313325340867
"gdp",2022,2022,0.84,5.2240999006904
"gdp",2022,2022,0.85,5.28761290249878
"gdp",2022,2022,0.86,5.35401659246889
"gdp",2022,2022,0.87,5.42372766513531
"gdp",2022,2022,0.88,5.49725760454441
"gdp",2022,2022,0.89,5.57524461998257
"gdp",2022,2022,0.9,5.65850041612245
"gdp",2022,2022,0.91,5.74808099089743
"gdp",2022,2022,0.92,5.84539811779153
"gdp",2022,2022,0.93,5.95240351423135
"gdp",2022,2022,0.94,6.07191177816441
"gdp",2022,2022,0.95,6.20821158165275
"gdp",2022,2022,0.96,6.36834630833767
"gdp",2022,2022,0.97,6.56521159854853
"gdp",2022,2022,0.98,6.82690970326906
"gdp",2022,2022,0.99,7.23937830671609
"gdp",2022,2023,0.01,-3.99099663853277
"gdp",2022,2023,0.02,-3.25503113120559
"gdp",2022,2023,0.03,-2.78808461261576
"gdp",2022,2023,0.04,-2.43681893572708
"gdp",2022,2023,0.05,-2.1510914054849
"gdp",2022,2023,0.06,-1.90789240031318
"gdp",2022,2023,0.07,-1.69465444872063
"gdp",2022,2023,0.08,-1.50372529624832
"gdp",2022,2023,0.09,-1.33008287093962
"gdp",2022,2023,0.1,-1.17024473390335
"gdp",2022,2023,0.11,-1.02169186531662
"gdp",2022,2023,0.12,-0.882540053755166
"gdp",2022,2023,0.13,-0.751340978943877
"gdp",2022,2023,0.14,-0.626955887490848
"gdp",2022,2023,0.15,-0.508472141167293
"gdp",2022,2023,0.16,-0.39514623415974
"gdp",2022,2023,0.17,-0.286363773817882
"gdp",2022,2023,0.18,-0.18161068530729
"gdp",2022,2023,0.19,-0.0804520501058046
"gdp",2022,2023,0.2,0.0174837369212151
"gdp",2022,2023,0.21,0.112517025524554
"gdp",2022,2023,0.22,0.204926223384994
"gdp",2022,2023,0.23,0.294955085308704
"gdp",2022,2023,0.24,0.382818486955811
"gdp",2022,2023,0.25,0.468707048321761
"gdp",2022,2023,0.26,0.552790873281293
"gdp",2022,2023,0.27,0.63522260213073
"gdp",2022,2023,0.28,0.716139924647994
"gdp",2022,2023,0.29,0.795667665488191
"gdp",2022,2023,0.3,0.873919527602159
"gdp",2022,2023,0.31,0.950999560009885
"gdp",2022,2023,0.32,1.02700340176411
"gdp",2022,2023,0.33,1.1020193429705
"gdp",2022,2023,0.34,1.17612923535184
"gdp",2022,2023,0.35,1.24940927838684
"gdp",2022,2023,0.36,1.32193070203776
"gdp",2022,2023,0.37,1.39376036315437
"gdp",2022,2023,0.38,1.46496126954664
"gdp",2022,2023,0.39,1.53559304326374
"gdp",2022,2023,0.4,1.60571233265871
"gdp",2022,2023,0.41,1.67537318124845
"gdp",2022,2023,0.42,1.74462736011503
"gdp",2022,2023,0.43,1.81352466957452
"gdp",2022,2023,0.44,1.88211321501381
"gdp",2022,2023,0.45,1.95043966112841
"gdp",2022,2023,0.46,2.01854946825476
"gdp",2022,2023,0.47,2.08648711405733
"gdp",2022,2023,0.48,2.15429630348596
"gdp",2022,2023,0.49,2.22202016964915
"gdp",2022,2023,0.5,2.28970146804455
"gdp",2022,2023,0.51,2.35738276643994
"gdp",2022,2023,0.52,2.42510663260313
"gdp",2022,2023,0.53,2.49291582203176
"gdp",2022,2023,0.54,2.56085346783434
"gdp",2022,2023,0.55,2.62896327496069
"gdp",2022,2023,0.56,2.69728972107528
"gdp",2022,2023,0.57,2.76587826651457
"gdp",2022,2023,0.58,2.83477557597406
"gdp",2022,2023,0.59,2.90402975484064
"gdp",2022,2023,0.6,2.97369060343038
"gdp",2022,2023,0.61,3.04380989282536
"gdp",2022,2023,0.62,3.11444166654246
"gdp",2022,2023,0.63,3.18564257293472
"gdp",2022,2023,0.64,3.25747223405133
"gdp",2022,2023,0.65,3.32999365770225
"gdp",2022,2023,0.66,3.40327370073725
"gdp",2022,2023,0.67,3.47738359311859
"gdp",2022,2023,0.68,3.55239953432498
"gdp",2022,2023,0.69,3.62840337607921
"gdp",2022,2023,0.7,3.70548340848694
"gdp",2022,2023,0.71,3.7837352706009
"gdp",2022,2023,0.72,3.8632630114411
"gdp",2022,2023,0.73,3.94418033395836
"gdp",2022,2023,0.74,4.0266120628078
"gdp",2022,2023,0.75,4.11069588776733
"gdp",2022,2023,0.76,4.19658444913328
"gdp",2022,2023,0.77,4.28444785078039
"gdp",2022,2023,0.78,4.3744767127041
"gdp",2022,2023,0.79,4.46688591056454
"gdp",2022,2023,0.8,4.56191919916788
"gdp",2022,2023,0.81,4.6598549861949
"gdp",2022,2023,0.82,4.76101362139638
"gdp",2022,2023,0.83,4.86576670990698
"gdp",2022,2023,0.84,4.97454917024884
"gdp",2022,2023,0.85,5.08787507725639
"gdp",2022,2023,0.86,5.20635882357994
"gdp",2022,2023,0.87,5.33074391503297
"gdp",2022,2023,0.88,5.46194298984426
"gdp",2022,2023,0.89,5.60109480140572
"gdp",2022,2023,0.9,5.74964766999244
"gdp",2022,2023,0.91,5.90948580702871
"gdp",2022,2023,0.92,6.08312823233742
"gdp",2022,2023,0.93,6.27405738480972
"gdp",2022,2023,0.94,6.48729533640227
"gdp",2022,2023,0.95,6.73049434157399
"gdp",2022,2023,0.96,7.01622187181618
"gdp",2022,2023,0.97,7.36748754870485
"gdp",2022,2023,0.98,7.83443406729469
"gdp",2022,2023,0.99,8.57039957462186
"cpi",2023,2023,0.01,3.38240491193937
"cpi",2023,2023,0.02,3.69028439358313
"cpi",2023,2023,0.03,3.88562405375403
"cpi",2023,2023,0.04,4.03257047100189
"cpi",2023,2023,0.05,4.15210004545408
"cpi",2023,2023,0.06,4.2538384868662
"cpi",2023,2023,0.07,4.34304319734444
"cpi",2023,2023,0.08,4.42291537601127
"cpi",2023,2023,0.09,4.49555592691094
"cpi",2023,2023,0.1,4.56242167304673
"cpi",2023,2023,0.11,4.62456640635532
"cpi",2023,2023,0.12,4.6827783567617
"cpi",2023,2023,0.13,4.73766340605122
"cpi",2023,2023,0.14,4.78969793362011
"cpi",2023,2023,0.15,4.83926372717719
"cpi",2023,2023,0.16,4.88667182057141
"cpi",2023,2023,0.17,4.93217923521047
"cpi",2023,2023,0.18,4.97600102613699
"cpi",2023,2023,0.19,5.0183191346075
"cpi",2023,2023,0.2,5.05928901572837
"cpi",2023,2023,0.21,5.09904468273015
"cpi",2023,2023,0.22,5.13770260304453
"cpi",2023,2023,0.23,5.17536474762345
"cpi",2023,2023,0.24,5.21212100628672
"cpi",2023,2023,0.25,5.2480511218821
"cpi",2023,2023,0.26,5.28322625466405
"cpi",2023,2023,0.27,5.31771025927635
"cpi",2023,2023,0.28,5.35156073605085
"cpi",2023,2023,0.29,5.38482990339961
"cpi",2023,2023,0.3,5.4175653271463
"cpi",2023,2023,0.31,5.44981053454598
"cpi",2023,2023,0.32,5.48160553467745
"cpi",2023,2023,0.33,5.51298726230423
"cpi",2023,2023,0.34,5.54398995879459
"cpi",2023,2023,0.35,5.57464550099029
"cpi",2023,2023,0.36,5.60498368681479
"cpi",2023,2023,0.37,5.63503248476939
"cpi",2023,2023,0.38,5.66481825317072
"cpi",2023,2023,0.39,5.69436593395616
"cpi",2023,2023,0.4,5.72369922506454
"cpi",2023,2023,0.41,5.75284073474285
"cpi",2023,2023,0.42,5.78181212060105
"cpi",2023,2023,0.43,5.81063421581048
"cpi",2023,2023,0.44,5.83932714449574
"cpi",2023,2023,0.45,5.86791042809108
"cpi",2023,2023,0.46,5.89640308420627
"cpi",2023,2023,0.47,5.92482371936587
"cpi",2023,2023,0.48,5.95319061684152
"cpi",2023,2023,0.49,5.98152182068416
"cpi",2023,2023,0.5,6.00983521697718
"cpi",2023,2023,0.51,6.03814861327021
"cpi",2023,2023,0.52,6.06647981711284
"cpi",2023,2023,0.53,6.0948467145885
"cpi",2023,2023,0.54,6.1232673497481
"cpi",2023,2023,0.55,6.15176000586329
"cpi",2023,2023,0.56,6.18034328945863
"cpi",2023,2023,0.57,6.20903621814389
"cpi",2023,2023,0.58,6.23785831335331
"cpi",2023,2023,0.59,6.26682969921152
"cpi",2023,2023,0.6,6.29597120888983
"cpi",2023,2023,0.61,6.3253044999982
"cpi",2023,2023,0.62,6.35485218078365
"cpi",2023,2023,0.63,6.38463794918498
"cpi",2023,2023,0.64,6.41468674713958
"cpi",2023,2023,0.65,6.44502493296408
"cpi",2023,2023,0.66,6.47568047515978
"cpi",2023,2023,0.67,6.50668317165014
"cpi",2023,2023,0.68,6.53806489927692
"cpi",2023,2023,0.69,6.56985989940839
"cpi",2023,2023,0.7,6.60210510680806
"cpi",2023,2023,0.71,6.63484053055476
"cpi",2023,2023,0.72,6.66810969790352
"cpi",2023,2023,0.73,6.70196017467802
"cpi",2023,2023,0.74,6.73644417929032
"cpi",2023,2023,0.75,6.77161931207227
"cpi",2023,2023,0.76,6.80754942766764
"cpi",2023,2023,0.77,6.84430568633092
"cpi",2023,2023,0.78,6.88196783090983
"cpi",2023,2023,0.79,6.92062575122422
"cpi",2023,2023,0.8,6.960381418226
"cpi",2023,2023,0.81,7.00135129934687
"cpi",2023,2023,0.82,7.04366940781737
"cpi",2023,2023,0.83,7.0874911987439
"cpi",2023,2023,0.84,7.13299861338296
"cpi",2023,2023,0.85,7.18040670677718
"cpi",2023,2023,0.86,7.22997250033425
"cpi",2023,2023,0.87,7.28200702790315
"cpi",2023,2023,0.88,7.33689207719267
"cpi",2023,2023,0.89,7.39510402759904
"cpi",2023,2023,0.9,7.45724876090764
"cpi",2023,2023,0.91,7.52411450704342
"cpi",2023,2023,0.92,7.5967550579431
"cpi",2023,2023,0.93,7.67662723660992
"cpi",2023,2023,0.94,7.76583194708816
"cpi",2023,2023,0.95,7.86757038850028
"cpi",2023,2023,0.96,7.98709996295248
"cpi",2023,2023,0.97,8.13404638020034
"cpi",2023,2023,0.98,8.32938604037124
"cpi",2023,2023,0.99,8.637265522015
"cpi",2023,2024,0.01,-5.32315948871273
"cpi",2023,2024,0.02,-4.29466384580272
"cpi",2023,2024,0.03,-3.64211633500185
"cpi",2023,2024,0.04,-3.15123026141955
"cpi",2023,2024,0.05,-2.75193230929028
"cpi",2023,2024,0.06,-2.41206703749573
"cpi",2023,2024,0.07,-2.11407168046808
"cpi",2023,2024,0.08,-1.847252380559
"cpi",2023,2024,0.09,-1.60459090243767
"cpi",2023,2024,0.1,-1.38122061418912
"cpi",2023,2024,0.11,-1.17362124090041
"cpi",2023,2024,0.12,-0.979159638462338
"cpi",2023,2024,0.13,-0.795811811079379
"cpi",2023,2024,0.14,-0.621986375880643
"cpi",2023,2024,0.15,-0.456407940972745
"cpi",2023,2024,0.16,-0.298037473300434
"cpi",2023,2024,0.17,-0.146016372620108
"cpi",2023,2024,0.18,0.000373769366010634
"cpi",2023,2024,0.19,0.141740741746687
"cpi",2023,2024,0.2,0.278603854541285
"cpi",2023,2024,0.21,0.411410789495225
"cpi",2023,2024,0.22,0.540550615231679
"cpi",2023,2024,0.23,0.666363973742133
"cpi",2023,2024,0.24,0.789151149045349
"cpi",2023,2024,0.25,0.909178528401077
"cpi",2023,2024,0.26,1.02668382824068
"cpi",2023,2024,0.27,1.141880360028
"cpi",2023,2024,0.28,1.25496054220555
"cpi",2023,2024,0.29,1.36609881448909
"cpi",2023,2024,0.3,1.47545407425676
"cpi",2023,2024,0.31,1.58317172773025
"cpi",2023,2024,0.32,1.68938542838659
"cpi",2023,2024,0.33,1.7942185597106
"cpi",2023,2024,0.34,1.8977855076883
"cpi",2023,2024,0.35,2.00019275941871
"cpi",2023,2024,0.36,2.10153985721068
"cpi",2023,2024,0.37,2.20192023204433
"cpi",2023,2024,0.38,2.30142193595113
"cpi",2023,2024,0.39,2.40012828943618
"cpi",2023,2024,0.4,2.4981184573295
"cpi",2023,2024,0.41,2.59546796425974
"cpi",2023,2024,0.42,2.69224915917778
"cpi",2023,2024,0.43,2.78853163693228
"cpi",2023,2024,0.44,2.88438262374556
"cpi",2023,2024,0.45,2.97986733250535
"cpi",2023,2024,0.46,3.07504929303404
"cpi",2023,2024,0.47,3.1699906618915
"cpi",2023,2024,0.48,3.26475251578582
"cpi",2023,2024,0.49,3.35939513228945
"cpi",2023,2024,0.5,3.45397826127189
"cpi",2023,2024,0.51,3.54856139025434
"cpi",2023,2024,0.52,3.64320400675797
"cpi",2023,2024,0.53,3.73796586065229
"cpi",2023,2024,0.54,3.83290722950975
"cpi",2023,2024,0.55,3.92808919003844
"cpi",2023,2024,0.56,4.02357389879823
"cpi",2023,2024,0.57,4.11942488561151
"cpi",2023,2024,0.58,4.21570736336601
"cpi",2023,2024,0.59,4.31248855828405
"cpi",2023,2024,0.6,4.40983806521429
"cpi",2023,2024,0.61,4.5078282331076
"cpi",2023,2024,0.62,4.60653458659265
"cpi",2023,2024,0.63,4.70603629049946
"cpi",2023,2024,0.64,4.80641666533311
"cpi",2023,2024,0.65,4.90776376312508
"cpi",2023,2024,0.66,5.01017101485549
"cpi",2023,2024,0.67,5.11373796283319
"cpi",2023,2024,0.68,5.2185710941572
"cpi",2023,2024,0.69,5.32478479481354
"cpi",2023,2024,0.7,5.43250244828703
"cpi",2023,2024,0.71,5.5418577080547
"cpi",2023,2024,0.72,5.65299598033824
"cpi",2023,2024,0.73,5.76607616251579
"cpi",2023,2024,0.74,5.88127269430311
"cpi",2023,2024,0.75,5.99877799414271
"cpi",2023,2024,0.76,6.11880537349844
"cpi",2023,2024,0.77,6.24159254880166
"cpi",2023,2024,0.78,6.36740590731211
"cpi",2023,2024,0.79,6.49654573304856
"cpi",2023,2024,0.8,6.62935266800251
"cpi",2023,2024,0.81,6.7662157807971
"cpi",2023,2024,0.82,6.90758275317778
"cpi",2023,2024,0.83,7.0539728951639
"cpi",2023,2024,0.84,7.20599399584423
"cpi",2023,2024,0.85,7.36436446351653
"cpi",2023,2024,0.86,7.52994289842443
"cpi",2023,2024,0.87,7.70376833362317
"cpi",2023,2024,0.88,7.88711616100613
"cpi",2023,2024,0.89,8.0815777634442
"cpi",2023,2024,0.9,8.28917713673291
"cpi",2023,2024,0.91,8.51254742498146
"cpi",2023,2024,0.92,8.75520890310279
"cpi",2023,2024,0.93,9.02202820301187
"cpi",2023,2024,0.94,9.32002356003952
"cpi",2023,2024,0.95,9.65988883183407
"cpi",2023,2024,0.96,10.0591867839633
"cpi",2023,2024,0.97,10.5500728575456
"cpi",2023,2024,0.98,11.2026203683465
"cpi",2023,2024,0.99,12.2311160112565
"gdp",2023,2023,0.01,-1.58868961912205
"gdp",2023,2023,0.02,-1.17931970348848
"gdp",2023,2023,0.03,-0.919587616838482
"gdp",2023,2023,0.04,-0.724201285439443
"gdp",2023,2023,0.05,-0.565269577655708
"gdp",2023,2023,0.06,-0.429993732200823
"gdp",2023,2023,0.07,-0.311383279150728
"gdp",2023,2023,0.08,-0.205181765273488
"gdp",2023,2023,0.09,-0.108595737407604
"gdp",2023,2023,0.1,-0.0196881404861111
"gdp",2023,2023,0.11,0.0629421929670546
"gdp",2023,2023,0.12,0.140343327656169
"gdp",2023,2023,0.13,0.213320870288237
"gdp",2023,2023,0.14,0.282508235575404
"gdp",2023,2023,0.15,0.348413065018533
"gdp",2023,2023,0.16,0.411448922716898
"gdp",2023,2023,0.17,0.471957555484605
"gdp",2023,2023,0.18,0.530224909836136
"gdp",2023,2023,0.19,0.586492902759383
"gdp",2023,2023,0.2,0.640968234107943
"gdp",2023,2023,0.21,0.693829093687107
"gdp",2023,2023,0.22,0.745230341646786
"gdp",2023,2023,0.23,0.795307562988508
"gdp",2023,2023,0.24,0.844180279116446
"gdp",2023,2023,0.25,0.89195451958046
"gdp",2023,2023,0.26,0.938724902142057
"gdp",2023,2023,0.27,0.984576330705844
"gdp",2023,2023,0.28,1.02958539317195
"gdp",2023,2023,0.29,1.07382152140643
"gdp",2023,2023,0.3,1.11734796099204
"gdp",2023,2023,0.31,1.16022258765542
"gdp",2023,2023,0.32,1.20249859920351
"gdp",2023,2023,0.33,1.24422510570021
"gdp",2023,2023,0.34,1.2854476359543
"gdp",2023,2023,0.35,1.32620857479749
"gdp",2023,2023,0.36,1.36654754284155
"gdp",2023,2023,0.37,1.40650172821919
"gdp",2023,2023,0.38,1.4461061780917
"gdp",2023,2023,0.39,1.48539405634109
"gdp",2023,2023,0.4,1.52439687277491
"gdp",2023,2023,0.41,1.56314468829919
"gdp",2023,2023,0.42,1.60166629981173
"gdp",2023,2023,0.43,1.63998940800092
"gdp",2023,2023,0.44,1.67814077077589
"gdp",2023,2023,0.45,1.71614634468255
"gdp",2023,2023,0.46,1.75403141635988
"gdp",2023,2023,0.47,1.79182072585015
"gdp",2023,2023,0.48,1.82953858338452
"gdp",2023,2023,0.49,1.86720898111592
"gdp",2023,2023,0.5,1.9048557011568
"gdp",2023,2023,0.51,1.94250242119768
"gdp",2023,2023,0.52,1.98017281892908
"gdp",2023,2023,0.53,2.01789067646345
"gdp",2023,2023,0.54,2.05567998595372
"gdp",2023,2023,0.55,2.09356505763105
"gdp",2023,2023,0.56,2.13157063153771
"gdp",2023,2023,0.57,2.16972199431268
"gdp",2023,2023,0.58,2.20804510250187
"gdp",2023,2023,0.59,2.24656671401441
"gdp",2023,2023,0.6,2.28531452953869
"gdp",2023,2023,0.61,2.32431734597251
"gdp",2023,2023,0.62,2.3636052242219
"gdp",2023,2023,0.63,2.40320967409441
"gdp",2023,2023,0.64,2.44316385947205
"gdp",2023,2023,0.65,2.48350282751611
"gdp",2023,2023,0.66,2.5242637663593
"gdp",2023,2023,0.67,2.56548629661339
"gdp",2023,2023,0.68,2.60721280311009
"gdp",2023,2023,0.69,2.64948881465818
"gdp",2023,2023,0.7,2.69236344132156
"gdp",2023,2023,0.71,2.73588988090717
"gdp",2023,2023,0.72,2.78012600914165
"gdp",2023,2023,0.73,2.82513507160776
"gdp",2023,2023,0.74,2.87098650017154
"gdp",2023,2023,0.75,2.91775688273314
"gdp",2023,2023,0.76,2.96553112319715
"gdp",2023,2023,0.77,3.01440383932509
"gdp",2023,2023,0.78,3.06448106066681
"gdp",2023,2023,0.79,3.11588230862649
"gdp",2023,2023,0.8,3.16874316820566
"gdp",2023,2023,0.81,3.22321849955422
"gdp",2023,2023,0.82,3.27948649247746
"gdp",2023,2023,0.83,3.337753846829
"gdp",2023,2023,0.84,3.3982624795967
"gdp",2023,2023,0.85,3.46129833729507
"gdp",2023,2023,0.86,3.52720316673819
"gdp",2023,2023,0.87,3.59639053202536
"gdp",2023,2023,0.88,3.66936807465743
"gdp",2023,2023,0.89,3.74676920934655
"gdp",2023,2023,0.9,3.82939954279971
"gdp",2023,2023,0.91,3.9183071397212
"gdp",2023,2023,0.92,4.01489316758709
"gdp",2023,2023,0.93,4.12109468146433
"gdp",2023,2023,0.94,4.23970513451442
"gdp",2023,2023,0.95,4.37498097996931
"gdp",2023,2023,0.96,4.53391268775304
"gdp",2023,2023,0.97,4.72929901915208
"gdp",2023,2023,0.98,4.98903110580208
"gdp",2023,2023,0.99,5.39840102143565
"gdp",2023,2024,0.01,-3.94031447605892
"gdp",2023,2024,0.02,-3.21004843171539
"gdp",2023,2024,0.03,-2.74671803965805
"gdp",2023,2024,0.04,-2.39817263390018
"gdp",2023,2024,0.05,-2.11465783437134
"gdp",2023,2024,0.06,-1.87334221057257
"gdp",2023,2024,0.07,-1.66175561600655
"gdp",2023,2024,0.08,-1.47230505679192
"gdp",2023,2024,0.09,-1.30000735289419
"gdp",2023,2024,0.1,-1.14140703412025
"gdp",2023,2024,0.11,-0.994004588436765
"gdp",2023,2024,0.12,-0.855930396126761
"gdp",2023,2024,0.13,-0.725747352994853
"gdp",2023,2024,0.14,-0.602325524381448
"gdp",2023,2024,0.15,-0.484759339709373
"gdp",2023,2024,0.16,-0.372311051021764
"gdp",2023,2024,0.17,-0.264371023646962
"gdp",2023,2024,0.18,-0.160429163848103
"gdp",2023,2024,0.19,-0.0600539211983975
"gdp",2023,2024,0.2,0.0371234316528661
"gdp",2023,2024,0.21,0.131420763604411
"gdp",2023,2024,0.22,0.223114326292671
"gdp",2023,2024,0.23,0.312445986838211
"gdp",2023,2024,0.24,0.399628956861391
"gdp",2023,2024,0.25,0.484852380158573
"gdp",2023,2024,0.26,0.568285043286322
"gdp",2023,2024,0.27,0.650078404464206
"gdp",2023,2024,0.28,0.730369087173175
"gdp",2023,2024,0.29,0.809280949401428
"gdp",2023,2024,0.3,0.88692681356158
"gdp",2023,2024,0.31,0.963409922897351
"gdp",2023,2024,0.32,1.03882517581367
"gdp",2023,2024,0.33,1.11326017868011
"gdp",2023,2024,0.34,1.18679614934346
"gdp",2023,2024,0.35,1.25950869717853
"gdp",2023,2024,0.36,1.33146850052863
"gdp",2023,2024,0.37,1.40274189849081
"gdp",2023,2024,0.38,1.47339141093004
"gdp",2023,2024,0.39,1.54347619817051
"gdp",2023,2024,0.4,1.61305246986919
"gdp",2023,2024,0.41,1.68217385101922
"gdp",2023,2024,0.42,1.75089171177717
"gdp",2023,2024,0.43,1.81925546679555
"gdp",2023,2024,0.44,1.88731284892359
"gdp",2023,2024,0.45,1.95511016147614
"gdp",2023,2024,0.46,2.02269251273577
"gdp",2023,2024,0.47,2.0901040359231
"gdp",2023,2024,0.48,2.15738809752814
"gdp",2023,2024,0.49,2.22458749662805
"gdp",2023,2024,0.5,2.2917446576134
"gdp",2023,2024,0.51,2.35890181859875
"gdp",2023,2024,0.52,2.42610121769866
"gdp",2023,2024,0.53,2.4933852793037
"gdp",2023,2024,0.54,2.56079680249103
"gdp",2023,2024,0.55,2.62837915375066
"gdp",2023,2024,0.56,2.69617646630321
"gdp",2023,2024,0.57,2.76423384843126
"gdp",2023,2024,0.58,2.83259760344964
"gdp",2023,2024,0.59,2.90131546420758
"gdp",2023,2024,0.6,2.97043684535762
"gdp",2023,2024,0.61,3.04001311705629
"gdp",2023,2024,0.62,3.11009790429677
"gdp",2023,2024,0.63,3.180747416736
"gdp",2023,2024,0.64,3.25202081469817
"gdp",2023,2024,0.65,3.32398061804827
"gdp",2023,2024,0.66,3.39669316588334
"gdp",2023,2024,0.67,3.47022913654669
"gdp",2023,2024,0.68,3.54466413941313
"gdp",2023,2024,0.69,3.62007939232945
"gdp",2023,2024,0.7,3.69656250166522
"gdp",2023,2024,0.71,3.77420836582538
"gdp",2023,2024,0.72,3.85312022805363
"gdp",2023,2024,0.73,3.9334109107626
"gdp",2023,2024,0.74,4.01520427194048
"gdp",2023,2024,0.75,4.09863693506823
"gdp",2023,2024,0.76,4.18386035836541
"gdp",2023,2024,0.77,4.27104332838859
"gdp",2023,2024,0.78,4.36037498893413
"gdp",2023,2024,0.79,4.45206855162239
"gdp",2023,2024,0.8,4.54636588357394
"gdp",2023,2024,0.81,4.6435432364252
"gdp",2023,2024,0.82,4.74391847907491
"gdp",2023,2024,0.83,4.84786033887377
"gdp",2023,2024,0.84,4.95580036624857
"gdp",2023,2024,0.85,5.06824865493618
"gdp",2023,2024,0.86,5.18581483960825
"gdp",2023,2024,0.87,5.30923666822166
"gdp",2023,2024,0.88,5.43941971135356
"gdp",2023,2024,0.89,5.57749390366357
"gdp",2023,2024,0.9,5.72489634934705
"gdp",2023,2024,0.91,5.88349666812099
"gdp",2023,2024,0.92,6.05579437201873
"gdp",2023,2024,0.93,6.24524493123336
"gdp",2023,2024,0.94,6.45683152579938
"gdp",2023,2024,0.95,6.69814714959815
"gdp",2023,2024,0.96,6.98166194912698
"gdp",2023,2024,0.97,7.33020735488485
"gdp",2023,2024,0.98,7.79353774694219
"gdp",2023,2024,0.99,8.52380379128572
